1,5.7220458984375e-06
1,3.337860107421875e-06
1,2.86102294921875e-06
1,2.384185791015625e-06
1,1.6689300537109375e-06
1,2.1457672119140625e-06
1,1.9073486328125e-06
2,5.7220458984375e-06
2,2.86102294921875e-06
2,2.384185791015625e-06
2,2.1457672119140625e-06
2,3.337860107421875e-06
2,2.86102294921875e-06
2,1.6689300537109375e-06
3,4.76837158203125e-06
3,3.814697265625e-06
3,3.5762786865234375e-06
3,3.337860107421875e-06
3,3.0994415283203125e-06
3,2.86102294921875e-06
3,2.86102294921875e-06
4,5.0067901611328125e-06
4,4.5299530029296875e-06
4,3.814697265625e-06
4,3.0994415283203125e-06
4,3.814697265625e-06
4,3.5762786865234375e-06
4,3.337860107421875e-06
5,4.76837158203125e-06
5,4.291534423828125e-06
5,4.5299530029296875e-06
5,4.291534423828125e-06
5,5.4836273193359375e-06
5,5.245208740234375e-06
5,5.0067901611328125e-06
6,8.58306884765625e-06
6,5.9604644775390625e-06
6,9.775161743164062e-06
6,5.4836273193359375e-06
6,6.198883056640625e-06
6,5.7220458984375e-06
6,4.76837158203125e-06
7,5.9604644775390625e-06
7,6.67572021484375e-06
7,9.775161743164062e-06
7,1.0728836059570312e-05
7,6.198883056640625e-06
7,8.821487426757812e-06
7,7.152557373046875e-06
8,8.58306884765625e-06
8,1.0251998901367188e-05
8,1.2159347534179688e-05
8,7.867813110351562e-06
8,6.9141387939453125e-06
8,7.867813110351562e-06
8,7.3909759521484375e-06
9,9.059906005859375e-06
9,1.3113021850585938e-05
9,1.2636184692382812e-05
9,8.106231689453125e-06
9,7.867813110351562e-06
9,9.5367431640625e-06
9,1.0728836059570312e-05
10,1.0251998901367188e-05
10,1.0013580322265625e-05
10,1.0013580322265625e-05
10,8.58306884765625e-06
10,1.0013580322265625e-05
10,9.775161743164062e-06
10,1.0728836059570312e-05
11,1.6689300537109375e-05
11,1.1205673217773438e-05
11,1.049041748046875e-05
11,1.1920928955078125e-05
11,1.0013580322265625e-05
11,9.775161743164062e-06
11,9.775161743164062e-06
12,1.0967254638671875e-05
12,1.049041748046875e-05
12,1.0728836059570312e-05
12,1.049041748046875e-05
12,1.0728836059570312e-05
12,1.0728836059570312e-05
12,1.049041748046875e-05
13,1.1205673217773438e-05
13,1.2159347534179688e-05
13,1.8835067749023438e-05
13,2.3126602172851562e-05
13,2.3365020751953125e-05
13,2.0503997802734375e-05
13,2.4080276489257812e-05
14,1.4781951904296875e-05
14,1.4066696166992188e-05
14,1.4781951904296875e-05
14,1.2874603271484375e-05
14,1.2636184692382812e-05
14,1.1444091796875e-05
14,1.3589859008789062e-05
15,1.3828277587890625e-05
15,2.2649765014648438e-05
15,4.1961669921875e-05
15,2.5272369384765625e-05
15,2.288818359375e-05
15,4.4345855712890625e-05
15,4.363059997558594e-05
16,6.175041198730469e-05
16,2.8133392333984375e-05
16,4.1961669921875e-05
16,2.5272369384765625e-05
16,3.218650817871094e-05
16,2.6702880859375e-05
16,2.3365020751953125e-05
17,2.86102294921875e-05
17,2.765655517578125e-05
17,2.86102294921875e-05
17,2.765655517578125e-05
17,4.291534423828125e-05
17,4.124641418457031e-05
17,4.696846008300781e-05
18,2.9802322387695312e-05
18,3.981590270996094e-05
18,2.7418136596679688e-05
18,3.910064697265625e-05
18,2.384185791015625e-05
18,2.0503997802734375e-05
18,2.0265579223632812e-05
19,2.2172927856445312e-05
19,2.384185791015625e-05
19,2.4557113647460938e-05
19,3.7670135498046875e-05
19,5.5789947509765625e-05
19,2.2649765014648438e-05
19,2.0742416381835938e-05
20,2.09808349609375e-05
20,2.5033950805664062e-05
20,2.7418136596679688e-05
20,2.5033950805664062e-05
20,3.123283386230469e-05
20,2.7179718017578125e-05
20,2.6702880859375e-05
21,2.7179718017578125e-05
21,2.8371810913085938e-05
21,2.288818359375e-05
21,2.3126602172851562e-05
21,2.956390380859375e-05
21,2.5987625122070312e-05
21,5.507469177246094e-05
22,5.412101745605469e-05
22,4.410743713378906e-05
22,4.410743713378906e-05
22,4.6253204345703125e-05
22,2.6226043701171875e-05
22,2.8848648071289062e-05
22,2.3126602172851562e-05
23,2.7179718017578125e-05
23,2.4557113647460938e-05
23,2.4557113647460938e-05
23,2.9325485229492188e-05
23,2.3126602172851562e-05
23,2.8133392333984375e-05
23,3.695487976074219e-05
24,5.412101745605469e-05
24,6.270408630371094e-05
24,4.029273986816406e-05
24,4.124641418457031e-05
24,7.033348083496094e-05
24,6.103515625e-05
24,6.532669067382812e-05
600,0.0013816356658935547
600,0.0013184547424316406
600,0.0017626285552978516
1100,0.0022575855255126953
1100,0.0021767616271972656
1100,0.0022110939025878906
1600,0.004501819610595703
1600,0.0035321712493896484
1600,0.0036118030548095703
2100,0.004925966262817383
2100,0.006942033767700195
2100,0.004332065582275391
2600,0.006106138229370117
2600,0.008866071701049805
2600,0.005581855773925781
3100,0.009534835815429688
3100,0.007637977600097656
3100,0.006924867630004883
3600,0.00824284553527832
3600,0.01333308219909668
3600,0.008517980575561523
4100,0.01297140121459961
4100,0.010269403457641602
4100,0.009371757507324219
4600,0.011001110076904297
4600,0.010652780532836914
4600,0.011651754379272461
5100,0.013028621673583984
5100,0.013309955596923828
5100,0.014725446701049805
5600,0.018208980560302734
5600,0.020161867141723633
5600,0.017989397048950195
6100,0.01474761962890625
6100,0.017217397689819336
6100,0.020081758499145508
6600,0.020381689071655273
6600,0.021909475326538086
6600,0.020895719528198242
7100,0.017693042755126953
7100,0.023470401763916016
7100,0.02519965171813965
7600,0.02309560775756836
7600,0.023669004440307617
7600,0.025698184967041016
8100,0.03378033638000488
8100,0.022037744522094727
8100,0.03328084945678711
8600,0.02740335464477539
8600,0.023763179779052734
8600,0.0260772705078125
9100,0.03014206886291504
9100,0.02907538414001465
9100,0.02890777587890625
9600,0.030458450317382812
9600,0.033075571060180664
9600,0.03625607490539551
10100,0.0316164493560791
10100,0.03188586235046387
10100,0.03196406364440918
10600,0.033463478088378906
10600,0.03885507583618164
10600,0.033115386962890625
11100,0.034954071044921875
11100,0.03466606140136719
11100,0.03477621078491211
11600,0.03618907928466797
11600,0.03613162040710449
11600,0.03607678413391113
12100,0.03743886947631836
12100,0.038735389709472656
12100,0.0376439094543457
12600,0.03876042366027832
12600,0.03846001625061035
12600,0.03939700126647949
13100,0.039896488189697266
13100,0.0481870174407959
13100,0.040283203125
13600,0.04153943061828613
13600,0.041208505630493164
13600,0.04182910919189453
14100,0.05105137825012207
14100,0.044278621673583984
14100,0.043248653411865234
14600,0.04559516906738281
14600,0.04461312294006348
14600,0.046317100524902344
15100,0.04721832275390625
15100,0.04825639724731445
15100,0.04651498794555664
15600,0.04805183410644531
15600,0.05667543411254883
15600,0.04753565788269043
16100,0.049803972244262695
16100,0.05749630928039551
16100,0.050384521484375
16600,0.05722832679748535
16600,0.05933094024658203
16600,0.050232648849487305
17100,0.05276322364807129
17100,0.05943155288696289
17100,0.05293560028076172
17600,0.05358314514160156
17600,0.055205583572387695
17600,0.05383753776550293
18100,0.057616472244262695
18100,0.06394410133361816
18100,0.05730748176574707
18600,0.06624078750610352
18600,0.060877084732055664
18600,0.058057546615600586
19100,0.05911731719970703
19100,0.06762194633483887
19100,0.06860065460205078
19600,0.06116843223571777
19600,0.06875753402709961
19600,0.05987429618835449
