2,1,2.288818359375e-05
5,5,3.4332275390625e-05
5,6,2.0265579223632812e-05
5,7,1.9550323486328125e-05
5,8,4.553794860839844e-05
2,1,1.9073486328125e-05
2,1,1.7642974853515625e-05
5,4,2.7418136596679688e-05
6,12,3.314018249511719e-05
6,14,3.457069396972656e-05
4,2,2.6702880859375e-05
7,9,2.4080276489257812e-05
7,11,3.743171691894531e-05
7,12,4.124641418457031e-05
7,20,4.57763671875e-05
8,9,3.910064697265625e-05
8,13,4.315376281738281e-05
8,18,4.1961669921875e-05
8,28,4.315376281738281e-05
2,1,1.8358230590820312e-05
8,7,3.552436828613281e-05
9,20,4.363059997558594e-05
9,22,5.2928924560546875e-05
9,35,4.982948303222656e-05
6,4,2.8848648071289062e-05
10,12,4.315376281738281e-05
10,22,5.2928924560546875e-05
10,30,5.435943603515625e-05
10,44,6.628036499023438e-05
7,4,3.409385681152344e-05
10,15,6.794929504394531e-05
11,28,0.0001475811004638672
11,40,6.628036499023438e-05
11,52,0.00024509429931640625
7,5,5.1975250244140625e-05
12,27,5.793571472167969e-05
12,33,0.00013875961303710938
12,52,0.00010657310485839844
12,65,0.00016880035400390625
10,8,8.487701416015625e-05
13,29,9.775161743164062e-05
13,43,7.939338684082031e-05
13,56,8.988380432128906e-05
13,74,9.179115295410156e-05
10,7,7.534027099609375e-05
14,36,6.008148193359375e-05
14,44,6.985664367675781e-05
14,55,0.0001323223114013672
14,89,9.322166442871094e-05
4,2,2.765655517578125e-05
15,36,7.05718994140625e-05
15,59,6.866455078125e-05
15,70,0.00010371208190917969
15,100,0.0002002716064453125
9,6,9.870529174804688e-05
16,35,0.00012111663818359375
16,66,0.00017499923706054688
16,93,0.00021004676818847656
16,115,6.67572021484375e-05
8,4,2.384185791015625e-05
17,48,6.890296936035156e-05
17,66,9.417533874511719e-05
17,101,0.000152587890625
17,127,0.00011897087097167969
11,9,5.316734313964844e-05
18,46,0.00011181831359863281
18,72,0.0001277923583984375
18,107,0.00015425682067871094
18,142,0.0001430511474609375
11,8,7.05718994140625e-05
19,57,0.00021719932556152344
19,85,0.00012373924255371094
19,124,8.58306884765625e-05
19,159,7.081031799316406e-05
13,9,2.9087066650390625e-05
20,70,5.1021575927734375e-05
20,86,8.58306884765625e-05
20,131,0.00017952919006347656
20,185,8.130073547363281e-05
12,7,2.6464462280273438e-05
21,64,8.487701416015625e-05
21,112,6.079673767089844e-05
21,155,6.937980651855469e-05
21,202,0.0001881122589111328
17,15,9.584426879882812e-05
22,76,0.00010514259338378906
22,117,0.0001666545867919922
22,175,0.00026917457580566406
22,218,0.00015163421630859375
18,13,7.605552673339844e-05
23,85,8.296966552734375e-05
23,131,6.914138793945312e-05
23,172,0.00010037422180175781
23,245,0.00020360946655273438
17,12,0.00014281272888183594
24,90,0.0001652240753173828
24,132,8.273124694824219e-05
24,204,0.00012564659118652344
24,264,0.00010728836059570312
21,25,5.0067901611328125e-05
25,82,6.747245788574219e-05
25,144,0.00010800361633300781
25,227,0.0001354217529296875
25,291,0.0001201629638671875
18,13,4.792213439941406e-05
26,114,7.748603820800781e-05
26,160,7.915496826171875e-05
26,236,9.512901306152344e-05
26,314,0.0002028942108154297
24,19,0.0001506805419921875
27,114,0.000102996826171875
27,170,9.870529174804688e-05
27,234,9.822845458984375e-05
27,331,0.00018143653869628906
25,21,7.104873657226562e-05
28,117,0.00013065338134765625
28,174,0.00018858909606933594
28,271,0.00010752677917480469
28,356,0.00012993812561035156
23,21,5.507469177246094e-05
29,134,0.00012063980102539062
29,176,0.00014257431030273438
29,268,0.00011324882507324219
29,384,0.00011301040649414062
16,16,4.076957702636719e-05
30,114,6.937980651855469e-05
30,202,7.987022399902344e-05
30,298,0.0001533031463623047
30,410,0.00015306472778320312
21,21,8.559226989746094e-05
31,155,0.0001289844512939453
31,236,0.00012063980102539062
31,308,0.00011539459228515625
31,449,0.00027441978454589844
27,22,8.58306884765625e-05
32,150,0.0001537799835205078
32,263,0.00017690658569335938
32,364,0.00041747093200683594
32,471,0.00022792816162109375
22,21,8.249282836914062e-05
33,172,0.0002219676971435547
33,260,0.0002129077911376953
33,383,0.0002465248107910156
33,509,0.00022649765014648438
29,24,0.00021600723266601562
34,174,0.0001952648162841797
34,289,0.0001227855682373047
34,391,0.00019216537475585938
34,529,0.00016689300537109375
26,26,9.989738464355469e-05
35,180,0.0001761913299560547
35,297,0.00015115737915039062
35,419,0.00013566017150878906
35,567,0.00015306472778320312
32,33,0.00012230873107910156
36,171,0.0002300739288330078
36,306,0.00013446807861328125
36,443,0.00020003318786621094
36,602,0.0004677772521972656
28,28,0.00029277801513671875
37,201,0.0001239776611328125
37,336,0.0001323223114013672
37,463,0.0001437664031982422
37,630,0.00024819374084472656
30,23,0.00021076202392578125
38,228,0.00012564659118652344
38,353,0.0001347064971923828
38,477,0.0001842975616455078
38,667,0.00017571449279785156
37,42,0.0001385211944580078
39,237,0.00010347366333007812
39,357,0.00012087821960449219
39,525,0.0002815723419189453
39,714,0.00021576881408691406
36,43,0.000148773193359375
40,208,0.00011730194091796875
40,413,0.00012135505676269531
40,544,0.0003254413604736328
40,737,0.00018978118896484375
34,47,9.298324584960938e-05
41,241,0.00010848045349121094
41,406,0.00022745132446289062
41,581,0.0001595020294189453
41,783,0.00019168853759765625
36,45,9.942054748535156e-05
42,261,0.00020456314086914062
42,426,0.00032520294189453125
42,624,0.00015687942504882812
42,822,0.00045180320739746094
34,44,0.00010418891906738281
43,271,0.00013780593872070312
43,467,0.00013971328735351562
43,636,0.00024437904357910156
43,867,0.00020432472229003906
39,48,8.0108642578125e-05
44,279,0.0001735687255859375
44,474,0.0003116130828857422
44,655,0.00021982192993164062
44,908,0.00035190582275390625
41,47,9.894371032714844e-05
45,276,0.00020599365234375
45,492,0.00015044212341308594
45,689,0.00020074844360351562
45,939,0.0002281665802001953
42,52,8.535385131835938e-05
46,299,0.0001277923583984375
46,532,0.00027632713317871094
46,722,0.00021505355834960938
46,984,0.00031256675720214844
44,55,0.00022149085998535156
47,333,0.00015807151794433594
47,566,0.0001926422119140625
47,754,0.00024390220642089844
47,1028,0.0002532005310058594
43,62,9.369850158691406e-05
48,350,0.00016379356384277344
48,570,0.00022983551025390625
48,785,0.00020074844360351562
48,1076,0.0004284381866455078
45,56,0.00012636184692382812
49,348,0.00016164779663085938
49,594,0.0002143383026123047
49,817,0.00026988983154296875
49,1110,0.0002982616424560547
47,60,0.00014972686767578125
50,347,0.0001614093780517578
50,598,0.00016999244689941406
50,862,0.00020837783813476562
50,1155,0.00041174888610839844
43,59,0.00012874603271484375
51,390,0.00016164779663085938
51,659,0.00018095970153808594
51,875,0.0002353191375732422
51,1210,0.00036787986755371094
48,66,0.0001671314239501953
52,390,0.0002110004425048828
52,685,0.000213623046875
52,938,0.0003113746643066406
52,1274,0.0005235671997070312
52,64,0.00011372566223144531
53,418,0.0001914501190185547
53,692,0.00027251243591308594
53,976,0.00022530555725097656
53,1325,0.0003211498260498047
53,74,0.00011849403381347656
54,442,0.0001747608184814453
54,720,0.0002110004425048828
54,1014,0.0002598762512207031
54,1361,0.0002853870391845703
55,83,0.00011420249938964844
55,435,0.0002617835998535156
55,714,0.0003027915954589844
55,1057,0.0002892017364501953
55,1402,0.0003027915954589844
53,73,0.00010728836059570312
56,474,0.00022172927856445312
56,781,0.0002455711364746094
56,1070,0.0004239082336425781
56,1460,0.000732421875
55,85,0.00016617774963378906
57,465,0.0001919269561767578
57,818,0.0003554821014404297
57,1073,0.00026988983154296875
57,1513,0.0002894401550292969
54,78,0.00010418891906738281
58,500,0.0002808570861816406
58,816,0.00026988983154296875
58,1123,0.0005080699920654297
58,1566,0.0005507469177246094
54,77,0.0002124309539794922
59,499,0.00019598007202148438
59,847,0.0002167224884033203
59,1200,0.0002880096435546875
59,1618,0.0004150867462158203
57,92,0.0001316070556640625
60,509,0.00031113624572753906
60,905,0.00022840499877929688
60,1244,0.0002942085266113281
60,1682,0.0003483295440673828
60,93,0.00012421607971191406
61,556,0.0001704692840576172
61,894,0.0002474784851074219
61,1272,0.0004146099090576172
61,1736,0.0003445148468017578
58,86,0.00012826919555664062
62,594,0.00025534629821777344
62,951,0.00025963783264160156
62,1311,0.0006563663482666016
62,1768,0.0005521774291992188
60,84,0.00013780593872070312
63,611,0.0002002716064453125
63,960,0.0002543926239013672
63,1414,0.0003829002380371094
63,1838,0.00044989585876464844
61,103,0.00014519691467285156
64,592,0.0002295970916748047
64,1025,0.00043511390686035156
64,1429,0.0003452301025390625
64,1911,0.0006716251373291016
63,107,0.0002181529998779297
65,653,0.00032830238342285156
65,1064,0.0002593994140625
65,1461,0.0003056526184082031
65,1971,0.0008969306945800781
62,107,0.00028514862060546875
66,708,0.0002567768096923828
66,1083,0.0003154277801513672
66,1458,0.0006089210510253906
66,2047,0.0005104541778564453
64,120,0.00014090538024902344
67,649,0.0002219676971435547
67,1106,0.0004932880401611328
67,1595,0.0007772445678710938
67,2104,0.0004696846008300781
66,138,0.00016045570373535156
68,701,0.0003204345703125
68,1122,0.00025272369384765625
68,1625,0.0003323554992675781
68,2156,0.0005197525024414062
66,105,0.0001518726348876953
69,711,0.0002446174621582031
69,1134,0.0006196498870849609
69,1627,0.0003612041473388672
69,2225,0.0009438991546630859
66,129,0.0002014636993408203
70,716,0.0002646446228027344
70,1199,0.0003077983856201172
70,1681,0.0007174015045166016
70,2275,0.00043582916259765625
71,118,0.0001468658447265625
71,735,0.0005853176116943359
71,1252,0.0003008842468261719
71,1737,0.0009949207305908203
71,2354,0.0004563331604003906
70,107,0.0001537799835205078
72,756,0.0004665851593017578
72,1305,0.0003204345703125
72,1784,0.0005326271057128906
72,2418,0.0005888938903808594
72,125,0.00037932395935058594
73,787,0.00027179718017578125
73,1353,0.0004885196685791016
73,1863,0.0003943443298339844
73,2523,0.0005002021789550781
73,129,0.00015306472778320312
74,819,0.0004780292510986328
74,1360,0.0007679462432861328
74,1882,0.00040841102600097656
74,2584,0.0005357265472412109
74,140,0.00017261505126953125
75,856,0.0002894401550292969
75,1409,0.0003256797790527344
75,1911,0.0004837512969970703
75,2638,0.0004780292510986328
75,139,0.00016117095947265625
76,826,0.00040030479431152344
76,1427,0.0004062652587890625
76,1997,0.00066375732421875
76,2701,0.0005221366882324219
75,145,0.00033783912658691406
77,879,0.00026488304138183594
77,1490,0.00033283233642578125
77,2103,0.0005466938018798828
77,2766,0.0006186962127685547
78,164,0.00018644332885742188
78,883,0.00031447410583496094
78,1512,0.00041484832763671875
78,2061,0.0007688999176025391
78,2872,0.0006256103515625
78,152,0.0001850128173828125
79,968,0.0003132820129394531
79,1582,0.00034356117248535156
79,2097,0.0006723403930664062
79,2919,0.0005323886871337891
79,166,0.00024056434631347656
80,923,0.0003960132598876953
80,1564,0.0005166530609130859
80,2201,0.0004246234893798828
80,3018,0.0005414485931396484
81,156,0.000186920166015625
81,983,0.0003025531768798828
81,1630,0.0003600120544433594
81,2271,0.0005474090576171875
81,3068,0.0006361007690429688
81,182,0.0001850128173828125
82,1020,0.00028967857360839844
82,1619,0.00037479400634765625
82,2317,0.0005807876586914062
82,3133,0.0005776882171630859
81,177,0.0002377033233642578
83,1042,0.00043201446533203125
83,1670,0.0006709098815917969
83,2404,0.000530242919921875
83,3234,0.0006213188171386719
82,184,0.0001780986785888672
84,1028,0.00030612945556640625
84,1726,0.0003800392150878906
84,2445,0.0004627704620361328
84,3299,0.0006022453308105469
83,180,0.000186920166015625
85,1088,0.0003063678741455078
85,1796,0.0003914833068847656
85,2488,0.00046062469482421875
85,3384,0.0006651878356933594
86,178,0.00019788742065429688
86,1076,0.0003514289855957031
86,1812,0.000431060791015625
86,2554,0.0005159378051757812
86,3481,0.0005955696105957031
85,197,0.00020194053649902344
87,1125,0.0003299713134765625
87,1859,0.0004031658172607422
87,2577,0.0004947185516357422
87,3576,0.0006361007690429688
87,192,0.00024199485778808594
88,1146,0.00033545494079589844
88,1866,0.00040221214294433594
88,2680,0.00060272216796875
88,3629,0.0006773471832275391
88,199,0.00021529197692871094
89,1244,0.0003540515899658203
89,1974,0.0005800724029541016
89,2758,0.00057220458984375
89,3719,0.0006432533264160156
90,191,0.00020122528076171875
90,1200,0.0003750324249267578
90,2038,0.0004429817199707031
90,2742,0.0005624294281005859
90,3805,0.0006823539733886719
90,217,0.0002143383026123047
91,1267,0.00032591819763183594
91,2020,0.00046706199645996094
91,2855,0.001191854476928711
91,3891,0.0007410049438476562
92,188,0.00019860267639160156
92,1271,0.0004177093505859375
92,2130,0.0004525184631347656
92,2889,0.0005702972412109375
92,3965,0.0007317066192626953
93,204,0.00021982192993164062
93,1303,0.0003941059112548828
93,2099,0.0004968643188476562
93,2937,0.0005614757537841797
93,4047,0.0006852149963378906
94,211,0.00020051002502441406
94,1320,0.0003402233123779297
94,2187,0.0004949569702148438
94,3071,0.0006017684936523438
94,4162,0.0007288455963134766
95,222,0.00020456314086914062
95,1307,0.00047969818115234375
95,2267,0.0005362033843994141
95,3152,0.0005609989166259766
95,4250,0.0007226467132568359
96,217,0.00022339820861816406
96,1403,0.00041031837463378906
96,2297,0.0005390644073486328
96,3219,0.0006129741668701172
96,4326,0.0008108615875244141
96,230,0.00028061866760253906
97,1445,0.0007305145263671875
97,2296,0.0006506443023681641
97,3239,0.0006210803985595703
97,4438,0.0007436275482177734
97,250,0.0003495216369628906
98,1390,0.00037288665771484375
98,2395,0.0005786418914794922
98,3318,0.0005693435668945312
98,4525,0.0007715225219726562
99,239,0.0002453327178955078
99,1429,0.00036907196044921875
99,2389,0.0004703998565673828
99,3407,0.0006198883056640625
99,4576,0.0007929801940917969
99,231,0.00022268295288085938
100,1464,0.00044846534729003906
100,2459,0.0005743503570556641
100,3468,0.0006337165832519531
100,4710,0.0008072853088378906
101,240,0.00031065940856933594
101,1495,0.0005440711975097656
101,2576,0.0006191730499267578
101,3509,0.0007090568542480469
101,4804,0.0007965564727783203
100,266,0.0002620220184326172
102,1537,0.0004105567932128906
102,2583,0.00054931640625
102,3625,0.0006573200225830078
102,4892,0.0008304119110107422
101,271,0.00025081634521484375
103,1515,0.0004506111145019531
103,2622,0.0005342960357666016
103,3657,0.0006678104400634766
103,4979,0.0008318424224853516
104,244,0.00029087066650390625
104,1655,0.0005290508270263672
104,2652,0.0005388259887695312
104,3756,0.000751495361328125
104,5073,0.0009086132049560547
105,308,0.0002887248992919922
105,1602,0.00042438507080078125
105,2758,0.0005414485931396484
105,3831,0.0007185935974121094
105,5164,0.0008552074432373047
103,261,0.0002453327178955078
106,1631,0.00042438507080078125
106,2814,0.0009322166442871094
106,3937,0.0007171630859375
106,5286,0.0008943080902099609
107,271,0.00038051605224609375
107,1711,0.00045108795166015625
107,2817,0.0005776882171630859
107,3923,0.001224517822265625
107,5380,0.0022056102752685547
108,279,0.0003192424774169922
108,1784,0.0004661083221435547
108,2912,0.0007638931274414062
108,4029,0.0007164478302001953
108,5478,0.0009558200836181641
109,304,0.0002624988555908203
109,1757,0.00044083595275878906
109,2941,0.00115203857421875
109,4176,0.0007846355438232422
109,5583,0.0008988380432128906
110,304,0.00025153160095214844
110,1828,0.0004973411560058594
110,3014,0.0006442070007324219
110,4235,0.0008120536804199219
110,5697,0.0009655952453613281
110,312,0.0002810955047607422
111,1858,0.0005142688751220703
111,3060,0.0007908344268798828
111,4325,0.0008208751678466797
111,5817,0.0010325908660888672
112,307,0.0003170967102050781
112,1897,0.0004825592041015625
112,3135,0.0006148815155029297
112,4360,0.0008018016815185547
112,5889,0.0010275840759277344
112,281,0.0002689361572265625
113,1899,0.0004787445068359375
113,3234,0.0006155967712402344
113,4385,0.0007550716400146484
113,5997,0.0009818077087402344
114,317,0.00029540061950683594
114,1816,0.0004451274871826172
114,3209,0.0015513896942138672
114,4463,0.001004934310913086
114,6119,0.0010967254638671875
115,319,0.0003275871276855469
115,1931,0.0004832744598388672
115,3322,0.0006341934204101562
115,4531,0.0013587474822998047
115,6220,0.0013077259063720703
116,306,0.0002911090850830078
116,2036,0.0005533695220947266
116,3353,0.0007784366607666016
116,4604,0.0008347034454345703
116,6358,0.0010304450988769531
116,316,0.0005884170532226562
117,2110,0.0004982948303222656
117,3392,0.0006310939788818359
117,4731,0.0008311271667480469
117,6451,0.0011255741119384766
118,321,0.0005168914794921875
118,2082,0.0006885528564453125
118,3529,0.0006725788116455078
118,4869,0.0010569095611572266
118,6563,0.0011363029479980469
119,349,0.00031828880310058594
119,2184,0.0005247592926025391
119,3609,0.0006797313690185547
119,4925,0.0008540153503417969
119,6647,0.0011115074157714844
120,349,0.0004215240478515625
120,2116,0.0005781650543212891
120,3608,0.0010416507720947266
120,5029,0.0008788108825683594
120,6783,0.0011181831359863281
121,368,0.0003020763397216797
121,2184,0.0005316734313964844
121,3695,0.0007457733154296875
121,5083,0.0008654594421386719
121,6888,0.0010960102081298828
121,348,0.0002942085266113281
122,2150,0.0005671977996826172
122,3668,0.0006732940673828125
122,5148,0.000904083251953125
122,6993,0.0011813640594482422
123,366,0.000335693359375
123,2255,0.0005719661712646484
123,3763,0.0007476806640625
123,5254,0.0009236335754394531
123,7124,0.001161813735961914
123,375,0.0003063678741455078
124,2330,0.0006425380706787109
124,3813,0.0007607936859130859
124,5402,0.0009305477142333984
124,7265,0.0012450218200683594
125,406,0.0003521442413330078
125,2319,0.0005357265472412109
125,3913,0.0007796287536621094
125,5396,0.0010166168212890625
125,7336,0.0022029876708984375
126,437,0.0007572174072265625
126,2279,0.0009903907775878906
126,3938,0.0007970333099365234
126,5524,0.0009808540344238281
126,7472,0.0013818740844726562
127,429,0.0008676052093505859
127,2358,0.0012819766998291016
127,4115,0.0011360645294189453
127,5610,0.0010790824890136719
127,7612,0.0014331340789794922
128,409,0.00041604042053222656
128,2417,0.000621795654296875
128,4049,0.0008480548858642578
128,5684,0.0010449886322021484
128,7718,0.0013730525970458984
129,397,0.00047087669372558594
129,2439,0.0005748271942138672
129,4151,0.0007812976837158203
129,5753,0.0010569095611572266
129,7869,0.0020210742950439453
130,411,0.00041484832763671875
130,2426,0.0005719661712646484
130,4213,0.0008778572082519531
130,5923,0.0015163421630859375
130,7979,0.0028100013732910156
131,424,0.0003643035888671875
131,2544,0.0012407302856445312
131,4247,0.0009303092956542969
131,5898,0.002302885055541992
131,8094,0.002485513687133789
132,423,0.0012097358703613281
132,2599,0.0006821155548095703
132,4421,0.0008471012115478516
132,6111,0.0013496875762939453
132,8244,0.002338409423828125
133,445,0.0004258155822753906
133,2602,0.0008199214935302734
133,4420,0.0009009838104248047
133,6125,0.0011475086212158203
133,8350,0.0019598007202148438
134,440,0.00040149688720703125
134,2691,0.0012860298156738281
134,4430,0.0014057159423828125
134,6279,0.0016405582427978516
134,8449,0.0014729499816894531
135,460,0.00045990943908691406
135,2710,0.000705718994140625
135,4402,0.0016481876373291016
135,6276,0.001367807388305664
135,8577,0.0017931461334228516
136,465,0.0006215572357177734
136,2785,0.0010750293731689453
136,4595,0.00104522705078125
136,6396,0.0010929107666015625
136,8743,0.0030753612518310547
137,487,0.0005064010620117188
137,2762,0.0005857944488525391
137,4689,0.0009529590606689453
137,6508,0.0017826557159423828
137,8833,0.0013992786407470703
138,454,0.00039315223693847656
138,2818,0.0006537437438964844
138,4737,0.0008859634399414062
138,6600,0.0011715888977050781
138,8949,0.002443075180053711
139,480,0.0004813671112060547
139,2920,0.0006766319274902344
139,4694,0.001325368881225586
139,6764,0.0012097358703613281
139,9124,0.0014753341674804688
140,481,0.0004596710205078125
140,2997,0.0007152557373046875
140,4907,0.0009930133819580078
140,6906,0.0011894702911376953
140,9249,0.0030052661895751953
141,476,0.0006258487701416016
141,2878,0.0006890296936035156
141,4969,0.0010502338409423828
141,6889,0.0021965503692626953
141,9397,0.0020842552185058594
142,506,0.0008118152618408203
142,2967,0.0006699562072753906
142,4955,0.00113677978515625
142,7001,0.0016193389892578125
142,9524,0.0015871524810791016
143,485,0.0003981590270996094
143,2958,0.0006167888641357422
143,5064,0.0009853839874267578
143,7087,0.0018875598907470703
143,9629,0.0015556812286376953
144,511,0.00042366981506347656
144,3108,0.000732421875
144,5181,0.001012563705444336
144,7151,0.0012352466583251953
144,9768,0.0015790462493896484
145,513,0.0004184246063232422
145,3112,0.0009918212890625
145,5204,0.0014393329620361328
145,7276,0.0013096332550048828
145,9884,0.002048969268798828
146,556,0.0006144046783447266
146,3097,0.0008475780487060547
146,5186,0.0010843276977539062
146,7404,0.0022430419921875
146,10058,0.0017414093017578125
147,567,0.0004482269287109375
147,3259,0.0007567405700683594
147,5365,0.0009753704071044922
147,7522,0.0012438297271728516
147,10193,0.0016188621520996094
148,480,0.00040030479431152344
148,3317,0.0007069110870361328
148,5477,0.0009965896606445312
148,7659,0.001352548599243164
148,10289,0.001628875732421875
149,540,0.00046324729919433594
149,3273,0.0007381439208984375
149,5542,0.0009891986846923828
149,7693,0.0013511180877685547
149,10492,0.001817941665649414
150,529,0.0006012916564941406
150,3329,0.0007345676422119141
150,5570,0.0010025501251220703
150,7854,0.0013806819915771484
150,10577,0.0017461776733398438
151,595,0.0005619525909423828
151,3535,0.0007121562957763672
151,5664,0.0010519027709960938
151,7821,0.0012862682342529297
151,10771,0.0018568038940429688
152,598,0.0005016326904296875
152,3450,0.0008275508880615234
152,5826,0.0011060237884521484
152,7940,0.0013463497161865234
152,10881,0.001729726791381836
153,586,0.0004761219024658203
153,3428,0.0008020401000976562
153,5800,0.0010631084442138672
153,8126,0.0013997554779052734
153,11042,0.0018129348754882812
154,585,0.00046753883361816406
154,3519,0.0007269382476806641
154,5904,0.0010313987731933594
154,8212,0.001787424087524414
154,11176,0.0018393993377685547
154,567,0.0004875659942626953
155,3500,0.0007448196411132812
155,5958,0.0011334419250488281
155,8344,0.0013756752014160156
155,11338,0.0017926692962646484
156,626,0.0004787445068359375
156,3585,0.0008556842803955078
156,6036,0.0010576248168945312
156,8442,0.0015141963958740234
156,11497,0.0018379688262939453
157,598,0.0004878044128417969
157,3717,0.0008151531219482422
157,6094,0.0010902881622314453
157,8495,0.0014657974243164062
157,11611,0.0019292831420898438
158,594,0.0005292892456054688
158,3769,0.000843048095703125
158,6304,0.0011339187622070312
158,8623,0.0014488697052001953
158,11793,0.0019898414611816406
159,659,0.0005273818969726562
159,3745,0.0008370876312255859
159,6379,0.0011730194091796875
159,8782,0.0015439987182617188
159,11948,0.0019063949584960938
160,639,0.00047469139099121094
160,3774,0.0009844303131103516
160,6388,0.0012683868408203125
160,8917,0.0016040802001953125
160,12107,0.004014492034912109
161,594,0.0005040168762207031
161,3759,0.00079345703125
161,6472,0.0011894702911376953
161,8999,0.0014731884002685547
161,12223,0.0019447803497314453
162,626,0.00046443939208984375
162,3937,0.0007624626159667969
162,6602,0.0013642311096191406
162,9121,0.001522064208984375
162,12363,0.002097606658935547
163,650,0.000385284423828125
163,3894,0.0008685588836669922
163,6575,0.0012409687042236328
163,9164,0.0015456676483154297
163,12602,0.0020503997802734375
164,666,0.00039887428283691406
164,3999,0.0008206367492675781
164,6740,0.001237630844116211
164,9276,0.0015234947204589844
164,12713,0.0020465850830078125
165,719,0.00046062469482421875
165,4020,0.0008258819580078125
165,6803,0.0012135505676269531
165,9418,0.0016431808471679688
165,12877,0.0020847320556640625
166,681,0.0007884502410888672
166,4067,0.0008904933929443359
166,6828,0.0013155937194824219
166,9496,0.0016429424285888672
166,13002,0.00215911865234375
167,719,0.0005199909210205078
167,4079,0.0010209083557128906
167,6874,0.0011661052703857422
167,9712,0.0016727447509765625
167,13157,0.002131223678588867
168,748,0.0007309913635253906
168,4157,0.0009136199951171875
168,6952,0.001224517822265625
168,9904,0.0016188621520996094
168,13337,0.0022079944610595703
169,710,0.0004894733428955078
169,4249,0.0009133815765380859
169,7097,0.0013201236724853516
169,9942,0.0016210079193115234
169,13496,0.0021190643310546875
170,731,0.0005724430084228516
170,4265,0.0008819103240966797
170,7263,0.0013625621795654297
170,10122,0.0017118453979492188
170,13626,0.002298593521118164
171,695,0.0011363029479980469
171,4350,0.0009267330169677734
171,7283,0.0014338493347167969
171,10105,0.0017566680908203125
171,13758,0.0022225379943847656
172,736,0.0005438327789306641
172,4396,0.0008940696716308594
172,7264,0.0014176368713378906
172,10375,0.0017864704132080078
172,13992,0.002310037612915039
173,758,0.0005035400390625
173,4455,0.0009920597076416016
173,7396,0.0013248920440673828
173,10431,0.0017001628875732422
173,14107,0.002293825149536133
174,767,0.0008955001831054688
174,4517,0.0009148120880126953
174,7547,0.0013132095336914062
174,10596,0.001984834671020508
174,14300,0.0022966861724853516
175,812,0.0006046295166015625
175,4474,0.000980377197265625
175,7695,0.0013582706451416016
175,10662,0.0017809867858886719
175,14467,0.003580331802368164
176,745,0.0004277229309082031
176,4551,0.0009744167327880859
176,7694,0.0013737678527832031
176,10695,0.0017938613891601562
176,14589,0.002325296401977539
177,776,0.0005841255187988281
177,4754,0.000946044921875
177,7859,0.0014293193817138672
177,10964,0.0019192695617675781
177,14824,0.0023593902587890625
178,789,0.0005245208740234375
178,4770,0.000965118408203125
178,7804,0.0013554096221923828
178,10980,0.001975536346435547
178,14966,0.00261688232421875
179,824,0.0010333061218261719
179,4811,0.0016176700592041016
179,7912,0.001550436019897461
179,11160,0.001997232437133789
179,15142,0.002605915069580078
180,786,0.0009109973907470703
180,4912,0.0009698867797851562
180,8001,0.0014524459838867188
180,11177,0.0024068355560302734
180,15252,0.0026121139526367188
181,759,0.0005934238433837891
181,4940,0.0011222362518310547
181,8194,0.0015234947204589844
181,11471,0.0019693374633789062
181,15480,0.0025725364685058594
182,795,0.0005092620849609375
182,4963,0.0009963512420654297
182,8247,0.0014786720275878906
182,11588,0.0018739700317382812
182,15682,0.0025391578674316406
183,815,0.0005805492401123047
183,4994,0.0010673999786376953
183,8396,0.0014564990997314453
183,11795,0.0019626617431640625
183,15787,0.0026144981384277344
184,828,0.0005364418029785156
184,5072,0.0010406970977783203
184,8431,0.0015058517456054688
184,11887,0.0019936561584472656
184,15930,0.0027103424072265625
185,849,0.0005123615264892578
185,5076,0.0011067390441894531
185,8367,0.0014965534210205078
185,11967,0.0020110607147216797
185,16198,0.0026557445526123047
186,862,0.0005252361297607422
186,5130,0.0010859966278076172
186,8572,0.0014765262603759766
186,12076,0.0020537376403808594
186,16311,0.002713441848754883
187,865,0.0006401538848876953
187,5252,0.001150369644165039
187,8780,0.001508951187133789
187,12241,0.0020551681518554688
187,16553,0.002801656723022461
188,831,0.0005424022674560547
188,5331,0.0010762214660644531
188,8802,0.0015881061553955078
188,12338,0.0020329952239990234
188,16712,0.003086566925048828
189,860,0.0006833076477050781
189,5220,0.0010421276092529297
189,8762,0.0015726089477539062
189,12411,0.0028476715087890625
189,16871,0.002740144729614258
190,929,0.0005030632019042969
190,5404,0.0011322498321533203
190,9059,0.0016460418701171875
190,12540,0.002221345901489258
190,17075,0.002790689468383789
191,871,0.0005185604095458984
191,5475,0.0011258125305175781
191,8998,0.0016932487487792969
191,12715,0.0030584335327148438
191,17242,0.0028574466705322266
192,913,0.0005431175231933594
192,5544,0.0023043155670166016
192,9149,0.002124309539794922
192,12862,0.002209901809692383
192,17423,0.002899646759033203
193,929,0.0005290508270263672
193,5653,0.0011162757873535156
193,9270,0.0017888545989990234
193,12913,0.0030472278594970703
193,17544,0.0030088424682617188
194,951,0.0006144046783447266
194,5597,0.0010721683502197266
194,9378,0.0016243457794189453
194,12969,0.002237558364868164
194,17764,0.0028676986694335938
195,978,0.0006029605865478516
195,5571,0.0012371540069580078
195,9374,0.0016613006591796875
195,13226,0.0022094249725341797
195,17949,0.0030357837677001953
196,938,0.0005693435668945312
196,5789,0.0012710094451904297
196,9516,0.0017940998077392578
196,13322,0.0022797584533691406
196,18137,0.002953052520751953
197,959,0.0005042552947998047
197,5725,0.0013186931610107422
197,9591,0.002211332321166992
197,13531,0.0025739669799804688
197,18323,0.0030972957611083984
198,942,0.0005824565887451172
198,5828,0.001155853271484375
198,9672,0.001832723617553711
198,13743,0.004309892654418945
198,18573,0.003991842269897461
199,958,0.0006663799285888672
199,5963,0.0013530254364013672
199,9797,0.0017406940460205078
199,13742,0.0024080276489257812
199,18725,0.0030422210693359375
200,1000,0.0005886554718017578
200,5926,0.0012481212615966797
200,9977,0.0016875267028808594
200,13949,0.003654956817626953
200,18909,0.003052234649658203
201,974,0.0006551742553710938
201,6070,0.0011458396911621094
201,9989,0.0017390251159667969
201,14118,0.0024929046630859375
201,19074,0.004312992095947266
202,1026,0.0010602474212646484
202,6078,0.0012078285217285156
202,10125,0.0019021034240722656
202,14237,0.002375364303588867
202,19314,0.003775358200073242
203,985,0.0005807876586914062
203,6187,0.0016100406646728516
203,10263,0.0025687217712402344
203,14437,0.003340005874633789
203,19461,0.0032770633697509766
204,1037,0.0007066726684570312
204,6257,0.0013909339904785156
204,10343,0.001981019973754883
204,14405,0.002529144287109375
204,19701,0.005384922027587891
205,1116,0.0006508827209472656
205,6205,0.0012006759643554688
205,10360,0.0018472671508789062
205,14599,0.0026082992553710938
205,19899,0.003553152084350586
206,1026,0.0005779266357421875
206,6271,0.0012600421905517578
206,10702,0.0018815994262695312
206,14723,0.002541780471801758
206,20022,0.0037033557891845703
207,1141,0.0006229877471923828
207,6430,0.0012922286987304688
207,10653,0.0018355846405029297
207,14933,0.0025115013122558594
207,20275,0.003328561782836914
208,1126,0.0005748271942138672
208,6486,0.0012960433959960938
208,10703,0.001983642578125
208,15145,0.002712726593017578
208,20487,0.0034055709838867188
209,1193,0.0005927085876464844
209,6430,0.0013620853424072266
209,10800,0.001985788345336914
209,15187,0.002630472183227539
209,20647,0.0033135414123535156
210,1046,0.0006716251373291016
210,6684,0.0012545585632324219
210,10965,0.001935720443725586
210,15269,0.002642393112182617
210,20798,0.0035326480865478516
211,1107,0.000621795654296875
211,6752,0.0013613700866699219
211,11196,0.0019466876983642578
211,15499,0.002705097198486328
211,21160,0.0035593509674072266
212,1088,0.0005593299865722656
212,6835,0.0013496875762939453
212,10995,0.0018405914306640625
212,15636,0.0026488304138183594
212,21263,0.003564596176147461
213,1153,0.000591278076171875
213,6749,0.0013370513916015625
213,11265,0.0020258426666259766
213,15833,0.0026772022247314453
213,21418,0.0035157203674316406
214,1182,0.0006077289581298828
214,6738,0.0014584064483642578
214,11506,0.0020618438720703125
214,15902,0.0027213096618652344
214,21612,0.003729104995727539
215,1172,0.0006134510040283203
215,6963,0.0013904571533203125
215,11431,0.0022115707397460938
215,16008,0.0026717185974121094
215,21867,0.0036187171936035156
216,1126,0.0006499290466308594
216,6985,0.001338958740234375
216,11597,0.0020558834075927734
216,16416,0.002736330032348633
216,22048,0.003626108169555664
217,1170,0.000659942626953125
217,7002,0.0013935565948486328
217,11797,0.0020682811737060547
217,16228,0.0026879310607910156
217,22246,0.0037500858306884766
218,1218,0.0006570816040039062
218,7012,0.0013668537139892578
218,11925,0.0020308494567871094
218,16581,0.00281524658203125
218,22473,0.003779172897338867
219,1208,0.0006759166717529297
219,7212,0.0015995502471923828
219,11987,0.0021927356719970703
219,16808,0.002753734588623047
219,22721,0.0037186145782470703
220,1212,0.0006575584411621094
220,7176,0.0013854503631591797
220,12146,0.0023279190063476562
220,16903,0.0029740333557128906
220,22888,0.0038378238677978516
221,1179,0.0006699562072753906
221,7245,0.0014066696166992188
221,12183,0.002077341079711914
221,17027,0.0028908252716064453
221,23064,0.0038242340087890625
222,1226,0.0006601810455322266
222,7340,0.001413583755493164
222,12269,0.002124309539794922
222,17124,0.0028142929077148438
222,23266,0.0038170814514160156
223,1243,0.0006334781646728516
223,7419,0.0013871192932128906
223,12371,0.002119779586791992
223,17213,0.002886056900024414
223,23447,0.003999948501586914
224,1242,0.0008416175842285156
224,7509,0.0014536380767822266
224,12434,0.0022063255310058594
224,17492,0.0030031204223632812
224,23733,0.003979682922363281
225,1238,0.0006136894226074219
225,7655,0.0016031265258789062
225,12545,0.0022377967834472656
225,17644,0.0031235218048095703
225,23918,0.0039217472076416016
226,1236,0.0006144046783447266
226,7704,0.0015726089477539062
226,12728,0.002239704132080078
226,17751,0.002901315689086914
226,24124,0.004054546356201172
227,1338,0.0006690025329589844
227,7800,0.0014882087707519531
227,12760,0.002207517623901367
227,17979,0.0031096935272216797
227,24360,0.004051923751831055
228,1307,0.0006306171417236328
228,7700,0.001535177230834961
228,13002,0.002261638641357422
228,18053,0.0029757022857666016
228,24522,0.0040302276611328125
229,1262,0.0007748603820800781
229,7810,0.0015141963958740234
229,12969,0.00231170654296875
229,18250,0.006534099578857422
229,24790,0.00506901741027832
230,1353,0.0009887218475341797
230,7922,0.0016055107116699219
230,13260,0.002336740493774414
230,18317,0.003168344497680664
230,25003,0.004078388214111328
231,1394,0.0008263587951660156
231,7929,0.0015141963958740234
231,13173,0.003946065902709961
231,18574,0.0031380653381347656
231,25255,0.004454612731933594
232,1358,0.0014986991882324219
232,7975,0.0019373893737792969
232,13317,0.0025038719177246094
232,18729,0.003328084945678711
232,25443,0.004236459732055664
233,1315,0.0010280609130859375
233,8086,0.0016078948974609375
233,13570,0.002525806427001953
233,18948,0.003286600112915039
233,25656,0.0043125152587890625
234,1359,0.0007314682006835938
234,8202,0.0021135807037353516
234,13504,0.002310514450073242
234,19003,0.0053997039794921875
234,25883,0.014203310012817383
235,1496,0.0015861988067626953
235,8189,0.0015125274658203125
235,13904,0.0024640560150146484
235,19229,0.0031347274780273438
235,26156,0.004506349563598633
236,1363,0.0007903575897216797
236,8226,0.0017993450164794922
236,13768,0.003082275390625
236,19419,0.0035440921783447266
236,26386,0.005415439605712891
237,1352,0.0007579326629638672
237,8444,0.0017359256744384766
237,13995,0.0025136470794677734
237,19666,0.003579854965209961
237,26522,0.00462031364440918
238,1382,0.0006704330444335938
238,8450,0.0016446113586425781
238,14106,0.002638101577758789
238,19739,0.0034422874450683594
238,26823,0.00449824333190918
239,1421,0.00067901611328125
239,8459,0.0016303062438964844
239,14224,0.0024466514587402344
239,19901,0.003361940383911133
239,27024,0.00466156005859375
240,1433,0.0007333755493164062
240,8747,0.0016930103302001953
240,14324,0.002566814422607422
240,20131,0.0033850669860839844
240,27212,0.004618406295776367
241,1345,0.0006787776947021484
241,8649,0.0015702247619628906
241,14502,0.002505064010620117
241,20217,0.0035839080810546875
241,27428,0.005901336669921875
242,1389,0.0008223056793212891
242,8908,0.002252817153930664
242,14496,0.0025284290313720703
242,20398,0.003638029098510742
242,27651,0.004609823226928711
243,1534,0.0008466243743896484
243,8835,0.0016727447509765625
243,14675,0.002611875534057617
243,20677,0.0035469532012939453
243,27903,0.004667997360229492
244,1484,0.0008561611175537109
244,9010,0.0017037391662597656
244,14885,0.0024695396423339844
244,20712,0.003632783889770508
244,28174,0.00507664680480957
245,1487,0.0007536411285400391
245,8992,0.001726388931274414
245,14753,0.0025620460510253906
245,21035,0.0035924911499023438
245,28374,0.00496363639831543
246,1539,0.0007169246673583984
246,9150,0.0017290115356445312
246,15102,0.0025489330291748047
246,21107,0.003507375717163086
246,28667,0.004806041717529297
247,1557,0.0007295608520507812
247,9156,0.0016856193542480469
247,15198,0.0026655197143554688
247,21410,0.0036013126373291016
247,28857,0.0048792362213134766
248,1611,0.0008904933929443359
248,9175,0.0018563270568847656
248,15365,0.0027418136596679688
248,21431,0.0037522315979003906
248,29073,0.0048253536224365234
249,1483,0.0007913112640380859
249,9103,0.0018529891967773438
249,15355,0.002739429473876953
249,21754,0.0037169456481933594
249,29272,0.004934787750244141
250,1527,0.0007205009460449219
250,9362,0.0018291473388671875
250,15645,0.002695322036743164
250,21772,0.0037186145782470703
250,29478,0.005041599273681641
251,1654,0.0008494853973388672
251,9412,0.0020303726196289062
251,15653,0.0027065277099609375
251,21907,0.0038356781005859375
251,29785,0.004975080490112305
252,1610,0.0008597373962402344
252,9433,0.0017347335815429688
252,15898,0.0028982162475585938
252,22246,0.003743410110473633
252,30011,0.00513458251953125
253,1592,0.0007350444793701172
253,9589,0.0017974376678466797
253,15894,0.002806425094604492
253,22444,0.003973722457885742
253,30295,0.005125284194946289
254,1667,0.0007588863372802734
254,9736,0.0021576881408691406
254,16045,0.0029315948486328125
254,22574,0.0038063526153564453
254,30573,0.00522613525390625
255,1582,0.0008845329284667969
255,9755,0.001787424087524414
255,16152,0.002765178680419922
255,22600,0.00410914421081543
255,30738,0.005530595779418945
256,1634,0.0007746219635009766
256,9821,0.0018208026885986328
256,16404,0.002742767333984375
256,22785,0.003854513168334961
256,31023,0.005284309387207031
257,1630,0.0008673667907714844
257,9770,0.0018689632415771484
257,16378,0.0029506683349609375
257,23030,0.003910064697265625
257,31239,0.0066776275634765625
258,1675,0.0009796619415283203
258,9938,0.0022339820861816406
258,16462,0.0029325485229492188
258,23140,0.0039060115814208984
258,31526,0.00543522834777832
259,1654,0.0007979869842529297
259,10040,0.002377033233642578
259,16826,0.002982616424560547
259,23353,0.004034280776977539
259,31739,0.0054454803466796875
260,1680,0.0009210109710693359
260,10185,0.002257823944091797
260,16826,0.0031561851501464844
260,23523,0.004186153411865234
260,31977,0.005403995513916016
261,1671,0.0008287429809570312
261,10109,0.0019092559814453125
261,16941,0.0029230117797851562
261,23621,0.003963470458984375
261,32199,0.006260395050048828
262,1701,0.0010306835174560547
262,10128,0.0018489360809326172
262,17237,0.003000974655151367
262,23966,0.00414586067199707
262,32509,0.005506992340087891
263,1679,0.0007987022399902344
263,10363,0.0018932819366455078
263,17222,0.002969980239868164
263,24088,0.004072427749633789
263,32663,0.005639553070068359
264,1742,0.0008282661437988281
264,10422,0.002043485641479492
264,17360,0.002942323684692383
264,24411,0.004282712936401367
264,33008,0.0055615901947021484
265,1728,0.0008168220520019531
265,10283,0.0019195079803466797
265,17551,0.0030329227447509766
265,24409,0.0042874813079833984
265,33211,0.005606174468994141
266,1796,0.0007989406585693359
266,10515,0.0020554065704345703
266,17688,0.0031168460845947266
266,24757,0.004251241683959961
266,33471,0.005728244781494141
267,1743,0.0008423328399658203
267,10709,0.002039670944213867
267,17793,0.0031294822692871094
267,24802,0.0041844844818115234
267,33786,0.0057125091552734375
268,1737,0.0009100437164306641
268,10660,0.001981973648071289
268,17924,0.003075838088989258
268,25059,0.00424647331237793
268,34012,0.005740165710449219
269,1842,0.0009496212005615234
269,10825,0.0020437240600585938
269,18162,0.0031197071075439453
269,25028,0.004279136657714844
269,34260,0.006084442138671875
270,1747,0.0008845329284667969
270,10920,0.0020465850830078125
270,18142,0.00316619873046875
270,25478,0.0045680999755859375
270,34547,0.005888223648071289
271,1880,0.0008454322814941406
271,10965,0.0022284984588623047
271,18440,0.0032372474670410156
271,25656,0.004371166229248047
271,34721,0.005953550338745117
272,1857,0.0008766651153564453
272,11146,0.002112865447998047
272,18425,0.0032181739807128906
272,25753,0.004544496536254883
272,35000,0.0061130523681640625
273,1794,0.0007932186126708984
273,11074,0.002076864242553711
273,18514,0.003315448760986328
273,25933,0.004404544830322266
273,35235,0.005921363830566406
274,1924,0.0008289813995361328
274,11241,0.0020503997802734375
274,18889,0.0032300949096679688
274,26311,0.004494428634643555
274,35539,0.006043910980224609
275,1861,0.0009996891021728516
275,11265,0.0021049976348876953
275,18759,0.0034499168395996094
275,26148,0.0044553279876708984
275,35759,0.006096363067626953
276,1838,0.0011174678802490234
276,11473,0.0022096633911132812
276,18853,0.003240346908569336
276,26431,0.0046710968017578125
276,36061,0.0060999393463134766
277,1918,0.0010471343994140625
277,11485,0.002135753631591797
277,19087,0.0033113956451416016
277,26699,0.004602670669555664
277,36271,0.006496429443359375
278,1927,0.0010790824890136719
278,11674,0.0023436546325683594
278,19150,0.003529787063598633
278,26981,0.005296945571899414
278,36600,0.006711483001708984
279,2005,0.0009412765502929688
279,11493,0.002387523651123047
279,19499,0.003480195999145508
279,27302,0.005044460296630859
279,36824,0.0062749385833740234
280,1997,0.0009021759033203125
280,11721,0.0021734237670898438
280,19581,0.003346681594848633
280,27272,0.004715681076049805
280,37111,0.006365299224853516
281,1920,0.0008199214935302734
281,11764,0.002235889434814453
281,19575,0.0034704208374023438
281,27668,0.004794597625732422
281,37364,0.0063283443450927734
282,1990,0.0011246204376220703
282,11993,0.0023584365844726562
282,19976,0.003452301025390625
282,27815,0.004968404769897461
282,37681,0.0064923763275146484
283,1984,0.0009396076202392578
283,11925,0.002244710922241211
283,19877,0.003663778305053711
283,28114,0.004816770553588867
283,37982,0.006437063217163086
284,2025,0.0009975433349609375
284,11950,0.002302885055541992
284,20010,0.0034754276275634766
284,28151,0.004812002182006836
284,38191,0.006485939025878906
285,1982,0.0009739398956298828
285,12195,0.0023746490478515625
285,20283,0.0036966800689697266
285,28300,0.0051305294036865234
285,38522,0.006745338439941406
286,2016,0.000911712646484375
286,12003,0.0022788047790527344
286,20240,0.0035965442657470703
286,28566,0.006998538970947266
286,38766,0.006833791732788086
287,2123,0.000997781753540039
287,12266,0.0025284290313720703
287,20564,0.0037839412689208984
287,28682,0.005112648010253906
287,39022,0.006868124008178711
288,2073,0.0011243820190429688
288,12256,0.0024230480194091797
288,20772,0.003934383392333984
288,28866,0.005199432373046875
288,39246,0.006985664367675781
289,2061,0.0010373592376708984
289,12525,0.0024366378784179688
289,20817,0.0036704540252685547
289,29182,0.0052220821380615234
289,39527,0.008774280548095703
290,2170,0.0009772777557373047
290,12401,0.0025894641876220703
290,20913,0.003870248794555664
290,29222,0.00540471076965332
290,39774,0.007323741912841797
291,2193,0.0009353160858154297
291,12496,0.002468109130859375
291,21167,0.0036840438842773438
291,29443,0.005384206771850586
291,40096,0.006947755813598633
292,2166,0.0010747909545898438
292,12844,0.0024595260620117188
292,21230,0.003773927688598633
292,29760,0.005513191223144531
292,40315,0.007028102874755859
293,2141,0.0010788440704345703
293,12896,0.002387523651123047
293,21354,0.0038945674896240234
293,30005,0.0052378177642822266
293,40639,0.007023811340332031
294,2207,0.0010800361633300781
294,12994,0.0025146007537841797
294,21544,0.0038421154022216797
294,30197,0.005287885665893555
294,40958,0.007104396820068359
295,2191,0.0010440349578857422
295,12994,0.002507925033569336
295,21614,0.003742694854736328
295,30346,0.005434989929199219
295,41222,0.007376670837402344
296,2191,0.0010683536529541016
296,13011,0.002390146255493164
296,21874,0.0040285587310791016
296,30458,0.005453348159790039
296,41477,0.0077550411224365234
297,2224,0.001049041748046875
297,13119,0.002827882766723633
297,21888,0.004095554351806641
297,30821,0.005408525466918945
297,41807,0.013024568557739258
298,2225,0.000949859619140625
298,13243,0.0025882720947265625
298,22213,0.003973960876464844
298,30830,0.005545377731323242
298,42054,0.013373851776123047
299,2180,0.0022783279418945312
299,13397,0.002838611602783203
299,22205,0.004033565521240234
299,31013,0.0054779052734375
299,42305,0.007450103759765625
300,2218,0.0009741783142089844
300,13372,0.0026454925537109375
300,22322,0.003980398178100586
300,31389,0.00560307502746582
300,42605,0.0074422359466552734
301,2325,0.0012023448944091797
301,13554,0.002748727798461914
301,22449,0.003992557525634766
301,31558,0.005460977554321289
301,42874,0.007432460784912109
302,2287,0.0010876655578613281
302,13590,0.0025191307067871094
302,22508,0.004038572311401367
302,31863,0.0055119991302490234
302,43185,0.0076863765716552734
303,2277,0.0011949539184570312
303,13643,0.002538919448852539
303,22620,0.004058837890625
303,32045,0.00597381591796875
303,43481,0.007502555847167969
304,2272,0.0014653205871582031
304,13822,0.002807140350341797
304,23014,0.0042951107025146484
304,32149,0.0057048797607421875
304,43774,0.007672786712646484
305,2326,0.0010194778442382812
305,13971,0.002691507339477539
305,23009,0.004032611846923828
305,32490,0.005854368209838867
305,44115,0.007893562316894531
306,2389,0.0010986328125
306,13985,0.0025687217712402344
306,23495,0.004257917404174805
306,32761,0.00579524040222168
306,44386,0.007831811904907227
307,2352,0.0010576248168945312
307,14249,0.002630949020385742
307,23461,0.00416254997253418
307,32870,0.005792856216430664
307,44575,0.007768392562866211
308,2432,0.0011839866638183594
308,14146,0.0028820037841796875
308,23536,0.004199028015136719
308,32831,0.0057756900787353516
308,44928,0.007813692092895508
309,2404,0.0010709762573242188
309,14164,0.0028083324432373047
309,23835,0.004348278045654297
309,33421,0.005925893783569336
309,45203,0.007942676544189453
310,2480,0.0011208057403564453
310,14473,0.0027649402618408203
310,23990,0.004242897033691406
310,33661,0.0057375431060791016
310,45497,0.008023977279663086
311,2449,0.0011742115020751953
311,14455,0.0028028488159179688
311,24258,0.004399538040161133
311,33711,0.006002664566040039
311,45802,0.00805044174194336
312,2446,0.0011587142944335938
312,14653,0.0027921199798583984
312,24339,0.004400491714477539
312,34012,0.006288290023803711
312,46100,0.00805044174194336
313,2459,0.0011866092681884766
313,14825,0.0028116703033447266
313,24381,0.004488945007324219
313,34067,0.005959272384643555
313,46439,0.013946294784545898
314,2398,0.0016448497772216797
314,14997,0.0031075477600097656
314,24705,0.004691123962402344
314,34256,0.005934000015258789
314,46704,0.00832366943359375
315,2501,0.00113677978515625
315,15072,0.0030603408813476562
315,24524,0.004326820373535156
315,34625,0.006100177764892578
315,46978,0.008195161819458008
316,2559,0.0011456012725830078
316,14911,0.0031311511993408203
316,24995,0.00442051887512207
316,34722,0.0060901641845703125
316,47280,0.008437871932983398
317,2552,0.0012278556823730469
317,14950,0.002907991409301758
317,25145,0.004595279693603516
317,34987,0.006148576736450195
317,47647,0.008355379104614258
318,2559,0.001230001449584961
318,15091,0.002858400344848633
318,25223,0.004530191421508789
318,35312,0.00617671012878418
318,47858,0.00838470458984375
319,2555,0.0013692378997802734
319,15114,0.003095388412475586
319,25278,0.004668235778808594
319,35373,0.006439924240112305
319,48126,0.00892949104309082
320,2601,0.0010986328125
320,15235,0.002864837646484375
320,25447,0.004746913909912109
320,35630,0.006485700607299805
320,48521,0.008493423461914062
321,2603,0.0010845661163330078
321,15470,0.002872943878173828
321,25677,0.004606962203979492
321,36067,0.006295919418334961
321,48798,0.008632898330688477
322,2621,0.0012028217315673828
322,15639,0.0033020973205566406
322,25746,0.004584074020385742
322,36202,0.0063626766204833984
322,49162,0.008536815643310547
323,2635,0.0013077259063720703
323,15651,0.0029320716857910156
323,25872,0.0046617984771728516
323,36320,0.006474733352661133
323,49419,0.008622407913208008
324,2652,0.0012285709381103516
324,15659,0.0030531883239746094
324,26149,0.0046443939208984375
324,36705,0.0065097808837890625
324,49688,0.008758783340454102
325,2540,0.0011162757873535156
325,15703,0.002970457077026367
325,26283,0.005152463912963867
325,36830,0.006396293640136719
325,50030,0.009096622467041016
326,2772,0.0014891624450683594
326,16046,0.0031800270080566406
326,26432,0.004940986633300781
326,37155,0.006615161895751953
326,50399,0.008983135223388672
327,2641,0.0011718273162841797
327,15853,0.0034978389739990234
327,26519,0.004757404327392578
327,37323,0.006717205047607422
327,50606,0.010019063949584961
328,2660,0.0010912418365478516
328,15899,0.002981901168823242
328,26625,0.004897117614746094
328,37591,0.0067369937896728516
328,50961,0.008953332901000977
329,2715,0.0011057853698730469
329,16241,0.003164052963256836
329,27008,0.004902839660644531
329,37720,0.0067250728607177734
329,51321,0.00927281379699707
330,2765,0.0013184547424316406
330,16218,0.0032706260681152344
330,27310,0.005190610885620117
330,37886,0.007163524627685547
330,51556,0.009368896484375
331,2651,0.0011544227600097656
331,16326,0.0033469200134277344
331,27244,0.005194187164306641
331,38417,0.00685572624206543
331,52015,0.010082006454467773
332,2704,0.0014300346374511719
332,16339,0.00691533088684082
332,27435,0.0057222843170166016
332,38394,0.0068433284759521484
332,52151,0.009192943572998047
333,2662,0.0013346672058105469
333,16578,0.003308534622192383
333,27508,0.0050008296966552734
333,38625,0.006775379180908203
333,52518,0.009325981140136719
334,2831,0.001260995864868164
334,16621,0.0031723976135253906
334,27919,0.005257129669189453
334,38921,0.007190704345703125
334,52793,0.013687849044799805
335,2778,0.0012962818145751953
335,16640,0.0030984878540039062
335,27838,0.005260467529296875
335,39246,0.006974935531616211
335,53157,0.009375810623168945
336,2828,0.0012865066528320312
336,16835,0.003159761428833008
336,28027,0.005291938781738281
336,39300,0.007021903991699219
336,53437,0.009526491165161133
337,2891,0.0015568733215332031
337,17215,0.003222227096557617
337,28521,0.0051805973052978516
337,39721,0.0070497989654541016
337,53875,0.009694576263427734
338,2862,0.0013010501861572266
338,17162,0.003401041030883789
338,28464,0.005339860916137695
338,39810,0.007448911666870117
338,54080,0.009541749954223633
339,2781,0.0012192726135253906
339,17260,0.003295421600341797
339,28600,0.005238533020019531
339,40171,0.007239103317260742
339,54522,0.009668111801147461
340,2962,0.0012018680572509766
340,17186,0.003860950469970703
340,28802,0.00843501091003418
340,40373,0.010104656219482422
340,54730,0.01002955436706543
341,2867,0.0016050338745117188
341,17319,0.007563352584838867
341,29053,0.0052394866943359375
341,40720,0.00726008415222168
341,55123,0.010392427444458008
342,2996,0.0012145042419433594
342,17368,0.0032749176025390625
342,29101,0.005330324172973633
342,40996,0.007433176040649414
342,55358,0.00995182991027832
343,2836,0.0015540122985839844
343,17723,0.0036606788635253906
343,29284,0.005295276641845703
343,41002,0.007511138916015625
343,55704,0.00988149642944336
344,2932,0.0012195110321044922
344,17640,0.0034933090209960938
344,29497,0.005476236343383789
344,41282,0.007325410842895508
344,56009,0.009936332702636719
345,2871,0.0012447834014892578
345,17864,0.003407716751098633
345,29551,0.005431175231933594
345,41576,0.0074236392974853516
345,56457,0.010105609893798828
346,3002,0.0015380382537841797
346,17890,0.003327608108520508
346,30006,0.00550532341003418
346,41762,0.007416486740112305
346,56789,0.010061979293823242
347,2977,0.0013365745544433594
347,18154,0.003642559051513672
347,30022,0.0055255889892578125
347,41965,0.0075914859771728516
347,57079,0.010737180709838867
348,2996,0.0012805461883544922
348,18161,0.0032846927642822266
348,30261,0.006298542022705078
348,42571,0.00781869888305664
348,57368,0.010082483291625977
349,3063,0.0012936592102050781
349,18290,0.004076719284057617
349,30365,0.005461931228637695
349,42387,0.007447957992553711
349,57720,0.010339498519897461
350,3118,0.0013051033020019531
350,18241,0.009738445281982422
350,30656,0.007593631744384766
350,42746,0.008099794387817383
350,57989,0.010650157928466797
351,3106,0.0014009475708007812
351,18345,0.00657343864440918
351,30470,0.008361101150512695
351,42995,0.013282299041748047
351,58284,0.010657072067260742
352,3075,0.0012409687042236328
352,18399,0.003579854965209961
352,30956,0.00874471664428711
352,43099,0.010850906372070312
352,58719,0.01056528091430664
353,3059,0.0014019012451171875
353,18742,0.0036530494689941406
353,31026,0.005900382995605469
353,43499,0.009144783020019531
353,59069,0.010549068450927734
354,3203,0.001277923583984375
354,18802,0.003587484359741211
354,31314,0.005869865417480469
354,43701,0.007925748825073242
354,59369,0.0107421875
355,3157,0.0015399456024169922
355,18712,0.003435373306274414
355,31399,0.0058095455169677734
355,44241,0.007998466491699219
355,59729,0.010608434677124023
356,3152,0.0013248920440673828
356,19174,0.003699064254760742
356,31607,0.005883216857910156
356,44129,0.008056640625
356,60007,0.010643243789672852
357,3178,0.001430511474609375
357,19141,0.0036797523498535156
357,31701,0.005864143371582031
357,44414,0.013077259063720703
357,60402,0.010892391204833984
358,3272,0.0013682842254638672
358,19132,0.003812074661254883
358,31918,0.005820512771606445
358,44611,0.008146286010742188
358,60716,0.010797977447509766
359,3246,0.0014193058013916016
359,19176,0.0038461685180664062
359,31893,0.0059735774993896484
359,44917,0.007942438125610352
359,61161,0.010913610458374023
360,3310,0.0012879371643066406
360,19308,0.007573604583740234
360,32211,0.00595402717590332
360,45341,0.008144617080688477
360,61398,0.011073589324951172
361,3298,0.0014111995697021484
361,19608,0.0072596073150634766
361,32677,0.006547212600708008
361,45581,0.009818315505981445
361,61671,0.011304855346679688
362,3209,0.0013346672058105469
362,19820,0.0037686824798583984
362,32657,0.005888938903808594
362,45790,0.00819849967956543
362,62096,0.01134037971496582
363,3249,0.0015087127685546875
363,19598,0.003594636917114258
363,32849,0.006131172180175781
363,46166,0.008442878723144531
363,62379,0.01144719123840332
364,3336,0.0013697147369384766
364,19880,0.0038576126098632812
364,32886,0.005959749221801758
364,46294,0.008430957794189453
364,62793,0.011531829833984375
365,3293,0.001565694808959961
365,19825,0.0038526058197021484
365,33086,0.0060694217681884766
365,46613,0.00828862190246582
365,63172,0.023972749710083008
366,3312,0.0014452934265136719
366,20202,0.0037682056427001953
366,33247,0.006074666976928711
366,46847,0.01513528823852539
366,63477,0.011905193328857422
367,3262,0.001850128173828125
367,20403,0.003904581069946289
367,33596,0.006432294845581055
367,46926,0.009027481079101562
367,63734,0.012401103973388672
368,3337,0.001596689224243164
368,20147,0.003871440887451172
368,33818,0.0075070858001708984
368,47412,0.008592844009399414
368,64188,0.012107610702514648
369,3436,0.001514434814453125
369,20179,0.003798961639404297
369,34076,0.0063533782958984375
369,47420,0.008830070495605469
369,64528,0.011852741241455078
370,3475,0.001405954360961914
370,20537,0.0040225982666015625
370,33906,0.0064580440521240234
370,47760,0.008918046951293945
370,64813,0.011858940124511719
371,3383,0.0014259815216064453
371,20626,0.003887653350830078
371,34293,0.00632166862487793
371,48223,0.008780241012573242
371,65202,0.011901140213012695
372,3460,0.0014865398406982422
372,20683,0.0037882328033447266
372,34274,0.006377458572387695
372,48397,0.008849382400512695
372,65526,0.012424468994140625
373,3462,0.0016720294952392578
373,20802,0.004004716873168945
373,34847,0.00637364387512207
373,48555,0.008780479431152344
373,65848,0.011902809143066406
374,3563,0.0015285015106201172
374,20883,0.004033327102661133
374,34642,0.006585359573364258
374,48842,0.009001016616821289
374,66247,0.012015342712402344
375,3624,0.0017046928405761719
375,20820,0.0039157867431640625
375,34943,0.0063173770904541016
375,49173,0.008953571319580078
375,66628,0.012218236923217773
376,3573,0.0014104843139648438
376,20927,0.004209995269775391
376,35567,0.006447553634643555
376,49267,0.009044408798217773
376,66918,0.012122631072998047
377,3515,0.0016977787017822266
377,21408,0.004141092300415039
377,35339,0.00678253173828125
377,49782,0.009462594985961914
377,67360,0.014753103256225586
378,3619,0.0017590522766113281
378,21325,0.004017353057861328
378,35517,0.006378650665283203
378,49793,0.009182929992675781
378,67603,0.012213945388793945
379,3538,0.0015535354614257812
379,21414,0.0040166378021240234
379,35786,0.006753683090209961
379,50130,0.009183883666992188
379,68078,0.01313328742980957
380,3651,0.001378774642944336
380,21787,0.004216432571411133
380,36123,0.006642580032348633
380,50525,0.009346246719360352
380,68416,0.012546300888061523
381,3676,0.001523733139038086
381,21692,0.004144430160522461
381,36092,0.006651878356933594
381,51100,0.009432315826416016
381,68793,0.01254415512084961
382,3789,0.0015957355499267578
382,21790,0.004402637481689453
382,36596,0.006688356399536133
382,50992,0.009459972381591797
382,69113,0.01322484016418457
383,3618,0.0019512176513671875
383,21942,0.00443577766418457
383,36466,0.0066678524017333984
383,51290,0.01044774055480957
383,69500,0.01254725456237793
384,3593,0.001638174057006836
384,22033,0.004460811614990234
384,36843,0.006966590881347656
384,51364,0.009523391723632812
384,69877,0.012801885604858398
385,3681,0.0014946460723876953
385,22198,0.004121065139770508
385,37054,0.007210969924926758
385,51936,0.009961366653442383
385,70368,0.013592958450317383
386,3644,0.0015201568603515625
386,22284,0.005796194076538086
386,37226,0.006805896759033203
386,52062,0.010361194610595703
386,70575,0.012808799743652344
387,3710,0.001604318618774414
387,22293,0.004377603530883789
387,37722,0.006943464279174805
387,52113,0.009639501571655273
387,70868,0.01294565200805664
388,3856,0.001455545425415039
388,22467,0.004204988479614258
388,37754,0.006978750228881836
388,52561,0.009811162948608398
388,71300,0.013295412063598633
389,3755,0.001627206802368164
389,22749,0.004603385925292969
389,37674,0.007142782211303711
389,52723,0.009799003601074219
389,71715,0.013397216796875
390,3807,0.0015861988067626953
390,22772,0.004317045211791992
390,37774,0.007029294967651367
390,53063,0.009759664535522461
390,72018,0.013302803039550781
391,3802,0.0015211105346679688
391,23034,0.004398345947265625
391,38169,0.006983757019042969
391,53478,0.009724617004394531
391,72351,0.013068914413452148
392,3741,0.0016393661499023438
392,23178,0.004559516906738281
392,38180,0.007133007049560547
392,53804,0.009948492050170898
392,72756,0.01322627067565918
393,3853,0.0018870830535888672
393,23074,0.004797697067260742
393,38583,0.007064104080200195
393,54144,0.009773492813110352
393,73209,0.013214826583862305
394,3874,0.0015914440155029297
394,23482,0.004516124725341797
394,38650,0.00748753547668457
394,54397,0.009910106658935547
394,73603,0.013990402221679688
395,3740,0.0018606185913085938
395,23209,0.004630565643310547
395,38519,0.007365703582763672
395,54525,0.010191917419433594
395,73862,0.013467073440551758
396,3770,0.0017750263214111328
396,23455,0.004601001739501953
396,39092,0.007115840911865234
396,54677,0.010142803192138672
396,74242,0.013741731643676758
397,3937,0.0017421245574951172
397,23306,0.00457453727722168
397,39406,0.007134437561035156
397,55204,0.010155916213989258
397,74568,0.01369166374206543
398,3921,0.0015022754669189453
398,23729,0.0048601627349853516
398,39256,0.0077016353607177734
398,55284,0.010085344314575195
398,75046,0.013717889785766602
399,3890,0.001598358154296875
399,23865,0.004558086395263672
399,39652,0.00748133659362793
399,55531,0.020282268524169922
399,75397,0.013659954071044922
