2,1,38.69921875
5,5,38.72265625
5,6,38.7578125
5,7,38.78515625
5,8,38.8125
2,1,38.8125
2,1,38.8125
5,4,38.8125
6,12,38.82421875
6,14,38.83203125
4,2,38.83203125
7,9,38.83984375
7,11,38.8515625
7,12,38.90234375
7,20,38.90234375
8,9,38.90234375
8,13,38.90234375
8,18,38.90234375
8,28,38.9453125
2,1,38.9453125
8,7,38.9453125
9,20,38.9453125
9,22,38.9453125
9,35,38.95703125
6,4,38.95703125
10,12,38.95703125
10,22,38.95703125
10,30,38.984375
10,44,38.9921875
7,4,38.9921875
10,15,38.9921875
11,28,38.9921875
11,40,39.015625
11,52,39.03125
7,5,39.03125
12,27,39.03125
12,33,39.03125
12,52,39.0703125
12,65,39.1015625
10,8,39.1015625
13,29,39.1015625
13,43,39.1015625
13,56,39.11328125
13,74,39.1328125
10,7,39.1328125
14,36,39.1328125
14,44,39.1328125
14,55,39.13671875
14,89,39.13671875
4,2,39.13671875
15,36,39.13671875
15,59,39.13671875
15,70,39.13671875
15,100,39.13671875
9,6,39.13671875
16,35,39.13671875
16,66,39.14453125
16,93,39.15234375
16,115,39.15625
8,4,39.15625
17,48,39.15625
17,66,39.16015625
17,101,39.16015625
17,127,39.16015625
11,9,39.16015625
18,46,39.16015625
18,72,39.16796875
18,107,39.16796875
18,142,39.171875
11,8,39.171875
19,57,39.171875
19,85,39.1796875
19,124,39.1796875
19,159,39.203125
13,9,39.18359375
20,70,39.18359375
20,86,39.1875
20,131,39.19140625
20,185,39.25
12,7,39.25
21,64,39.32421875
21,112,39.44921875
21,155,39.453125
21,202,39.47265625
17,15,39.47265625
22,76,39.47265625
22,117,39.47265625
22,175,39.47265625
22,218,39.4765625
18,13,39.4765625
23,85,39.4765625
23,131,39.4765625
23,172,39.4765625
23,245,39.48046875
17,12,39.48046875
24,90,39.48046875
24,132,39.4921875
24,204,39.51171875
24,264,39.55859375
21,25,39.55859375
25,82,39.55859375
25,144,39.55859375
25,227,39.5625
25,291,39.5625
18,13,39.5625
26,114,39.5625
26,160,39.5625
26,236,39.5625
26,314,39.65625
24,19,39.65625
27,114,39.671875
27,170,39.5703125
27,234,39.6015625
27,331,39.84765625
25,21,39.59765625
28,117,39.59765625
28,174,39.59765625
28,271,39.7421875
28,356,39.875
23,21,39.875
29,134,39.875
29,176,39.875
29,268,40.01953125
29,384,40.234375
16,16,39.984375
30,114,39.87890625
30,202,40.03125
30,298,40.12890625
30,410,40.35546875
21,21,40.10546875
31,155,40.10546875
31,236,40.14453125
31,308,40.2109375
31,449,40.4140625
27,22,40.4140625
32,150,40.1640625
32,263,40.1640625
32,364,40.359375
32,471,40.5625
22,21,40.41796875
33,172,40.41796875
33,260,40.16796875
33,383,40.25
33,509,40.52734375
29,24,40.42578125
34,174,40.42578125
34,289,40.17578125
34,391,40.3046875
34,529,40.640625
26,26,40.640625
35,180,40.4609375
35,297,40.4609375
35,419,40.6953125
35,567,40.81640625
32,33,40.56640625
36,171,40.58984375
36,306,40.734375
36,443,40.828125
36,602,41.22265625
28,28,40.72265625
37,201,40.7265625
37,336,40.75390625
37,463,40.93359375
37,630,41.109375
30,23,41.03125
38,228,41.03125
38,353,41.03125
38,477,41.1796875
38,667,41.44140625
37,42,41.28125
39,237,41.28125
39,357,41.28125
39,525,41.45703125
39,714,41.73828125
36,43,41.55859375
40,208,41.30859375
40,413,41.30859375
40,544,41.3125
40,737,41.6015625
34,47,41.56640625
41,241,41.56640625
41,406,41.31640625
41,581,41.46484375
41,783,41.77734375
36,45,41.77734375
42,261,41.8125
42,426,41.5703125
42,624,41.14453125
42,822,41.59375
34,44,41.59375
43,271,41.34375
43,467,41.34375
43,636,41.41796875
43,867,41.84375
39,48,41.84375
44,279,41.84375
44,474,41.84375
44,655,42.046875
44,908,42.28125
41,47,42.1171875
45,276,42.1171875
45,492,41.8671875
45,689,41.94140625
45,939,42.37109375
42,52,42.12109375
46,299,42.12109375
46,532,41.87109375
46,722,41.83203125
46,984,41.875
44,55,41.875
47,333,41.875
47,566,41.875
47,754,41.94140625
47,1028,42.4140625
43,62,42.51171875
48,350,42.26171875
48,570,42.26171875
48,785,42.4609375
48,1076,42.73046875
45,56,42.51171875
49,348,42.26171875
49,594,42.26171875
49,817,42.328125
49,1110,42.78125
47,60,42.53125
50,347,42.03125
50,598,42.03125
50,862,42.0546875
50,1155,42.5546875
43,59,42.5546875
51,390,42.3046875
51,659,42.3046875
51,875,42.3828125
51,1210,42.81640625
48,66,42.56640625
52,390,42.56640625
52,685,42.56640625
52,938,42.765625
52,1274,43.11328125
52,64,42.86328125
53,418,42.61328125
53,692,42.61328125
53,976,42.82421875
53,1325,43.11328125
53,74,42.86328125
54,442,42.86328125
54,720,42.86328125
54,1014,43.00390625
54,1361,43.34375
55,83,42.86328125
55,435,42.86328125
55,714,42.86328125
55,1057,42.86328125
55,1402,43.046875
53,73,43.125
56,474,43.125
56,781,43.125
56,1070,43.328125
56,1460,43.6796875
55,85,42.6796875
57,465,42.6796875
57,818,42.91796875
57,1073,42.9453125
57,1513,43.4296875
54,78,42.9296875
58,500,42.9296875
58,816,42.9296875
58,1123,43.14453125
58,1566,43.4296875
54,77,42.9296875
59,499,42.1796875
59,847,42.42578125
59,1200,42.6796875
59,1618,42.9609375
57,92,42.7109375
60,509,42.4609375
60,905,42.578125
60,1244,42.9140625
60,1682,43.2109375
60,93,42.7109375
61,556,42.7109375
61,894,42.77734375
61,1272,43.1875
61,1736,43.4765625
58,86,42.9765625
62,594,42.7265625
62,951,42.79296875
62,1311,43.203125
62,1768,43.48046875
60,84,43.23046875
63,611,43.23046875
63,960,43.359375
63,1414,43.6796875
63,1838,44.296875
61,103,44.046875
64,592,44.046875
64,1025,44.046875
64,1429,44.296875
64,1911,44.5546875
63,107,44.05078125
65,653,43.80078125
65,1064,44.03515625
65,1461,44.30078125
65,1971,44.55078125
62,107,43.05078125
66,708,43.05078125
66,1083,43.23046875
66,1458,43.55078125
66,2047,43.8515625
64,120,43.1015625
67,649,43.1015625
67,1106,43.3515625
67,1595,43.6015625
67,2104,44.0390625
66,138,43.5390625
68,701,43.5390625
68,1122,43.7890625
68,1625,44.0390625
68,2156,44.55078125
66,105,43.55078125
69,711,43.55078125
69,1134,43.8125
69,1627,44.30078125
69,2225,44.8203125
66,129,43.8203125
70,716,43.8203125
70,1199,44.15234375
70,1681,44.5703125
70,2275,44.88671875
71,118,44.38671875
71,735,43.88671875
71,1252,43.63671875
71,1737,43.88671875
71,2354,44.38671875
70,107,43.13671875
72,756,43.3046875
72,1305,43.63671875
72,1784,43.88671875
72,2418,44.13671875
72,125,43.63671875
73,787,43.63671875
73,1353,43.88671875
73,1863,44.13671875
73,2523,44.40625
73,129,43.90625
74,819,43.90625
74,1360,44.15625
74,1882,44.40625
74,2584,43.82421875
74,140,43.07421875
75,856,42.87890625
75,1409,43.375
75,1911,43.7890625
75,2638,44.46875
75,139,43.24609375
76,826,43.37890625
76,1427,43.91015625
76,1997,44.046875
76,2701,44.71484375
75,145,43.23046875
77,879,43.37890625
77,1490,43.91796875
77,2103,44.546875
77,2766,44.97265625
78,164,42.48046875
78,883,42.66796875
78,1512,43.41796875
78,2061,44.046875
78,2872,44.484375
78,152,42.98046875
79,968,43.31640625
79,1582,43.9296875
79,2097,44.55859375
79,2919,44.1015625
79,166,43.3515625
80,923,43.41015625
80,1564,43.92578125
80,2201,44.5625
80,3018,44.8203125
81,156,43.23046875
81,983,43.1796875
81,1630,43.48046875
81,2271,44.07421875
81,3068,43.9140625
81,182,43.1640625
82,1020,43.046875
82,1619,43.7421875
82,2317,44.390625
82,3133,44.19140625
81,177,43.69140625
83,1042,43.7890625
83,1670,44.23046875
83,2404,44.890625
83,3234,44.1953125
82,184,43.9453125
84,1028,44.06640625
84,1726,44.5
84,2445,45.14453125
84,3299,44.38671875
83,180,43.63671875
85,1088,43.90234375
85,1796,44.296875
85,2488,45.1484375
85,3384,44.38671875
86,178,43.88671875
86,1076,43.81640625
86,1812,44.3046875
86,2554,45.15625
86,3481,44.453125
85,197,43.953125
87,1125,44.2109375
87,1859,44.81640625
87,2577,44.58984375
87,3576,45.22265625
87,192,44.47265625
88,1146,44.3359375
88,1866,44.80078125
88,2680,45.48828125
88,3629,44.9609375
88,199,44.4609375
89,1244,44.35546875
89,1974,44.81640625
89,2758,45.46484375
89,3719,44.953125
90,191,44.203125
90,1200,44.3515625
90,2038,44.87109375
90,2742,45.73828125
90,3805,45.05078125
90,217,44.30078125
91,1267,44.609375
91,2020,45.1171875
91,2855,45.75390625
91,3891,45.28125
92,188,44.78125
92,1271,44.890625
92,2130,45.30859375
92,2889,45.8203125
92,3965,45.21484375
93,204,44.46484375
93,1303,44.58984375
93,2099,45.30859375
93,2937,46.0703125
93,4047,45.21484375
94,211,44.71484375
94,1320,44.8828125
94,2187,45.80859375
94,3071,46.328125
94,4162,45.50390625
95,222,44.75390625
95,1307,44.8828125
95,2267,45.32421875
95,3152,45.8359375
95,4250,45.53125
96,217,44.78125
96,1403,44.6484375
96,2297,45.63671875
96,3219,45.59375
96,4326,45.09765625
96,230,44.26171875
97,1445,44.4375
97,2296,45.1328125
97,3239,45.6015625
97,4438,45.64453125
97,250,44.828125
98,1390,44.6328125
98,2395,45.38671875
98,3318,44.88671875
98,4525,46.19921875
99,239,44.87890625
99,1429,44.87890625
99,2389,44.87890625
99,3407,45.4375
99,4576,45.078125
99,231,44.078125
100,1464,44.4375
100,2459,45.14453125
100,3468,45.94140625
100,4710,45.80859375
101,240,44.05859375
101,1495,43.9453125
101,2576,44.734375
101,3509,45.0546875
101,4804,45.015625
100,266,44.015625
102,1537,44.42578125
102,2583,45.21875
102,3625,45.6953125
102,4892,45.5390625
101,271,45.2890625
103,1515,45.6875
103,2622,45.71875
103,3657,46.54296875
103,4979,45.83203125
104,244,44.83203125
104,1655,45.234375
104,2652,46.234375
104,3756,46.5390625
104,5073,46.58984375
105,308,44.83984375
105,1602,44.75390625
105,2758,45.48828125
105,3831,46.05859375
105,5164,46.390625
103,261,44.57421875
106,1631,44.484375
106,2814,45.4921875
106,3937,45.8046875
106,5286,46.01953125
107,271,44.79296875
107,1711,44.5
107,2817,44.99609375
107,3923,46.078125
107,5380,46.04296875
108,279,44.79296875
108,1784,44.9921875
108,2912,45.8125
108,4029,46.56640625
108,5478,46.05078125
109,304,45.30078125
109,1757,45.23828125
109,2941,46.0625
109,4176,45.72265625
109,5583,46.93359375
110,304,45.43359375
110,1828,45.3125
110,3014,46.1015625
110,4235,45.78515625
110,5697,46.96484375
110,312,45.66796875
111,1858,45.8359375
111,3060,46.58203125
111,4325,46.2734375
111,5817,47.40625
112,307,45.65625
112,1897,45.55078125
112,3135,46.328125
112,4360,46.02734375
112,5889,47.1171875
112,281,45.8671875
113,1899,45.30078125
113,3234,46.359375
113,4385,45.81640625
113,5997,46.8515625
114,317,45.875
114,1816,45.5625
114,3209,46.1015625
114,4463,45.74609375
114,6119,46.3984375
115,319,44.8984375
115,1931,45.33203125
115,3322,46.203125
115,4531,45.8515625
115,6220,47.1484375
116,306,45.16015625
116,2036,45.37890625
116,3353,46.4296875
116,4604,45.578125
116,6358,46.94140625
116,316,45.94140625
117,2110,46.30859375
117,3392,46.94921875
117,4731,46.2578125
117,6451,47.3203125
118,321,45.25390625
118,2082,45.55859375
118,3529,46.19140625
118,4869,46.1953125
118,6563,47.515625
119,349,45.765625
119,2184,46.33203125
119,3609,46.453125
119,4925,46.26953125
119,6647,47.72265625
120,349,46.72265625
120,2116,47.3125
120,3608,47.94921875
120,5029,47.36328125
120,6783,48.67578125
121,368,45.92578125
121,2184,46.828125
121,3695,47.30859375
121,5083,46.875
121,6888,47.94140625
121,348,45.19140625
122,2150,45.56640625
122,3668,46.0546875
122,5148,45.859375
122,6993,47.03515625
123,366,45.28515625
123,2255,45.0625
123,3763,45.7890625
123,5254,45.578125
123,7124,46.73828125
123,375,45.8515625
124,2330,46.12890625
124,3813,46.80859375
124,5402,46.34765625
124,7265,48.1875
125,406,46.8671875
125,2319,47.390625
125,3913,47.82421875
125,5396,47.2890625
125,7336,48.3203125
126,437,45.8203125
126,2279,46.1484375
126,3938,47.05859375
126,5524,47.04296875
126,7472,48.5234375
127,429,46.7734375
127,2358,47.15625
127,4115,46.97265625
127,5610,47.3515625
127,7612,48.5703125
128,409,47.54296875
128,2417,47.90234375
128,4049,48.5703125
128,5684,47.59375
128,7718,48.7890625
129,397,46.0390625
129,2439,46.40234375
129,4151,46.2265625
129,5753,47.359375
129,7869,48.80859375
130,411,45.55859375
130,2426,46.41015625
130,4213,45.71875
130,5923,46.8125
130,7979,48.1640625
131,424,47.1171875
131,2544,47.41796875
131,4247,46.7421875
131,5898,47.5859375
131,8094,49.1484375
132,423,46.1484375
132,2599,46.25
132,4421,45.76953125
132,6111,47.08203125
132,8244,50.03125
133,445,48.28125
133,2602,48.03125
133,4420,48.53125
133,6125,49.140625
133,8350,48.8984375
134,440,46.859375
134,2691,46.984375
134,4430,48.09765625
134,6279,49.6328125
134,8449,49.20703125
135,460,46.45703125
135,2710,46.984375
135,4402,47.83984375
135,6276,49.1328125
135,8577,48.61328125
136,465,46.11328125
136,2785,46.5234375
136,4595,47.37109375
136,6396,48.78515625
136,8743,48.73046875
137,487,47.48046875
137,2762,47.51171875
137,4689,48.9765625
137,6508,49.93359375
137,8833,49.48828125
138,454,46.73828125
138,2818,46.984375
138,4737,48.49609375
138,6600,49.8125
138,8949,49.56640625
139,480,48.06640625
139,2920,48.05859375
139,4694,48.98828125
139,6764,50.66015625
139,9124,50.328125
140,481,47.578125
140,2997,47.56640625
140,4907,48.47265625
140,6906,50.12890625
140,9249,49.6328125
141,476,47.8359375
141,2878,48.01171875
141,4969,49.234375
141,6889,50.6484375
141,9397,50.26953125
142,506,48.01953125
142,2967,48.57421875
142,4955,49.75
142,7001,51.3671875
142,9524,50.70703125
143,485,47.70703125
143,2958,48.07421875
143,5064,49.49609375
143,7087,50.70703125
143,9629,50.28125
144,511,48.2421875
144,3108,48.34765625
144,5181,49.27734375
144,7151,50.91015625
144,9768,50.296875
145,513,48.046875
145,3112,48.59375
145,5204,49.65625
145,7276,51.17578125
145,9884,50.48046875
146,556,48.23046875
146,3097,48.1015625
146,5186,49.2890625
146,7404,50.91015625
146,10058,50.56640625
147,567,49.31640625
147,3259,48.953125
147,5365,49.9140625
147,7522,51.35546875
147,10193,50.8203125
148,480,48.328125
148,3317,48.6875
148,5477,49.921875
148,7659,51.4375
148,10289,51.25390625
149,540,49.00390625
149,3273,49.203125
149,5542,50.42578125
149,7693,52.37109375
149,10492,51.765625
150,529,50.265625
150,3329,49.703125
150,5570,50.68359375
150,7854,52.4375
150,10577,52.1953125
151,595,49.1953125
151,3535,49.45703125
151,5664,49.1640625
151,7821,50.96484375
151,10771,50.13671875
152,598,49.30859375
152,3450,49.6875
152,5826,50.9609375
152,7940,52.640625
152,10881,52.39453125
153,586,49.64453125
153,3428,49.71484375
153,5800,50.953125
153,8126,52.640625
153,11042,51.90234375
154,585,49.90234375
154,3519,49.73046875
154,5904,51.12109375
154,8212,50.4296875
154,11176,52.22265625
154,567,48.97265625
155,3500,48.9765625
155,5958,50.6171875
155,8344,49.68359375
155,11338,51.31640625
156,626,49.31640625
156,3585,49.23828125
156,6036,50.62109375
156,8442,49.8203125
156,11497,51.5234375
157,598,49.7734375
157,3717,49.58984375
157,6094,51.15234375
157,8495,50.51171875
157,11611,52.53515625
158,594,49.78515625
158,3769,49.3671875
158,6304,50.15234375
158,8623,49.6015625
158,11793,51.37890625
159,659,49.62890625
159,3745,49.3359375
159,6379,50.390625
159,8782,50.34375
159,11948,51.80078125
160,639,49.55078125
160,3774,50.0859375
160,6388,51.3984375
160,8917,51.3984375
160,12107,52.80859375
161,594,50.30859375
161,3759,50.84375
161,6472,51.6640625
161,8999,51.4375
161,12223,53.06640625
162,626,49.81640625
162,3937,50.37109375
162,6602,51.85546875
162,9121,51.5546875
162,12363,53.30078125
163,650,50.01171875
163,3894,50.34765625
163,6575,51.93359375
163,9164,51.7734375
163,12602,53.73828125
164,666,50.73828125
164,3999,50.61328125
164,6740,52.36328125
164,9276,51.69921875
164,12713,53.125
165,719,50.875
165,4020,50.64453125
165,6803,52.1328125
165,9418,50.96484375
165,12877,52.9765625
166,681,50.4765625
166,4067,50.88671875
166,6828,52.14453125
166,9496,51.53515625
166,13002,53.55078125
167,719,51.55078125
167,4079,51.390625
167,6874,53.140625
167,9712,52.47265625
167,13157,54.75
168,748,51.5
168,4157,50.62109375
168,6952,51.89453125
168,9904,51.046875
168,13337,53.08203125
169,710,50.58203125
169,4249,51.1171875
169,7097,52.37890625
169,9942,51.80859375
169,13496,53.9921875
170,731,51.2421875
170,4265,51.37890625
170,7263,52.64453125
170,10122,52.21484375
170,13626,53.890625
171,695,51.10546875
171,4350,51.8984375
171,7283,52.8984375
171,10105,52.46484375
171,13758,53.86328125
172,736,50.36328125
172,4396,51.12890625
172,7264,52.1484375
172,10375,51.97265625
172,13992,53.62109375
173,758,51.59765625
173,4455,51.8671875
173,7396,52.421875
173,10431,52.11328125
173,14107,54.1328125
174,767,52.1328125
174,4517,52.37890625
174,7547,53.8671875
174,10596,53.08984375
174,14300,55.3046875
175,812,53.3046875
175,4474,53.875
175,7695,54.87890625
175,10662,54.16796875
175,14467,56.25
176,745,53.0
176,4551,53.38671875
176,7694,54.875
176,10695,54.34765625
176,14589,56.93359375
177,776,52.68359375
177,4754,53.27734375
177,7859,54.3671875
177,10964,53.4375
177,14824,55.04296875
178,789,53.29296875
178,4770,54.03515625
178,7804,55.38671875
178,10980,54.8671875
178,14966,56.97265625
179,824,53.47265625
179,4811,53.78125
179,7912,52.89453125
179,11160,51.6796875
179,15142,53.92578125
180,786,50.62109375
180,4912,51.04296875
180,8001,52.87109375
180,11177,51.5703125
180,15252,53.56640625
181,759,50.81640625
181,4940,51.52734375
181,8194,50.5234375
181,11471,52.234375
181,15480,54.14453125
182,795,50.65234375
182,4963,51.28515625
182,8247,50.94140625
182,11588,52.59765625
182,15682,54.765625
183,815,50.765625
183,4994,50.78125
183,8396,50.21875
183,11795,51.75
183,15787,53.92578125
184,828,51.17578125
184,5072,51.8046875
184,8431,50.63671875
184,11887,52.6171875
184,15930,54.80078125
185,849,52.05078125
185,5076,52.78515625
185,8367,51.47265625
185,11967,52.91796875
185,16198,55.3203125
186,862,52.5703125
186,5130,51.796875
186,8572,51.14453125
186,12076,53.04296875
186,16311,55.19921875
187,865,51.19921875
187,5252,51.94140625
187,8780,51.4921875
187,12241,52.94140625
187,16553,58.5390625
188,831,54.7890625
188,5331,55.2890625
188,8802,55.5390625
188,12338,57.29296875
188,16712,55.625
189,860,51.625
189,5220,51.703125
189,8762,54.14453125
189,12411,56.5703125
189,16871,54.74609375
190,929,52.74609375
190,5404,53.46484375
190,9059,55.6484375
190,12540,58.09375
190,17075,56.2734375
191,871,52.7734375
191,5475,53.2109375
191,8998,54.87890625
191,12715,57.296875
191,17242,55.390625
192,913,52.390625
192,5544,52.22265625
192,9149,54.67578125
192,12862,57.8671875
192,17423,56.05078125
193,929,52.55078125
193,5653,51.734375
193,9270,54.18359375
193,12913,55.8515625
193,17544,54.328125
194,951,52.328125
194,5597,52.4765625
194,9378,54.44921875
194,12969,57.359375
194,17764,55.84765625
195,978,51.84765625
195,5571,52.21875
195,9374,53.9609375
195,13226,56.890625
195,17949,55.3515625
196,938,52.1015625
196,5789,52.24609375
196,9516,54.46484375
196,13322,57.125
196,18137,55.2734375
197,959,51.7734375
197,5725,51.25390625
197,9591,53.94921875
197,13531,56.328125
197,18323,54.70703125
198,942,51.20703125
198,5828,51.7578125
198,9672,54.71484375
198,13743,57.31640625
198,18573,55.5703125
199,958,52.8203125
199,5963,53.11328125
199,9797,56.4765625
199,13742,59.2734375
199,18725,57.5
200,1000,52.25
200,5926,52.87890625
200,9977,55.98046875
200,13949,58.8359375
200,18909,56.90234375
201,974,53.65234375
201,6070,54.15234375
201,9989,56.2265625
201,14118,59.26953125
201,19074,57.38671875
202,1026,52.63671875
202,6078,53.3984375
202,10125,56.74609375
202,14237,59.328125
202,19314,57.54296875
203,985,54.77734375
203,6187,54.171875
203,10263,56.7421875
203,14437,59.6328125
203,19461,57.59375
204,1037,53.59375
204,6257,54.66015625
204,10343,56.99609375
204,14405,59.58984375
204,19701,57.35546875
205,1116,54.10546875
205,6205,54.921875
205,10360,56.515625
205,14599,59.3671875
205,19899,58.05859375
206,1026,55.80859375
206,6271,54.41015625
206,10702,57.53125
206,14723,59.890625
206,20022,58.19921875
207,1141,53.69921875
207,6430,54.4375
207,10653,57.546875
207,14933,60.1875
207,20275,58.40234375
208,1126,55.65234375
208,6486,55.93359375
208,10703,58.2890625
208,15145,61.07421875
208,20487,59.57421875
209,1193,54.82421875
209,6430,54.9375
209,10800,57.53515625
209,15187,60.96875
209,20647,58.5859375
210,1046,54.5859375
210,6684,55.1015625
210,10965,58.5859375
210,15269,61.59375
210,20798,59.3671875
211,1107,55.6015625
211,6752,55.859375
211,11196,58.81640625
211,15499,62.1171875
211,21160,59.88671875
212,1088,55.88671875
212,6835,56.6171875
212,10995,58.57421875
212,15636,61.609375
212,21263,59.42578125
213,1153,54.17578125
213,6749,54.375
213,11265,57.86328125
213,15833,61.12109375
213,21418,59.421875
214,1182,56.921875
214,6738,55.90625
214,11506,57.6171875
214,15902,60.87109375
214,21612,58.66015625
215,1172,55.66015625
215,6963,55.64453125
215,11431,58.8671875
215,16008,61.85546875
215,21867,59.66796875
216,1126,56.66796875
216,6985,57.13671875
216,11597,58.87890625
216,16416,57.69921875
216,22048,60.19140625
217,1170,56.44140625
217,7002,56.88671875
217,11797,59.15625
217,16228,62.42578125
217,22246,60.578125
218,1218,57.578125
218,7012,58.16796875
218,11925,60.6953125
218,16581,58.8515625
218,22473,60.84765625
219,1208,56.84765625
219,7212,57.171875
219,11987,59.98046875
219,16808,58.36328125
219,22721,60.86328125
220,1212,55.11328125
220,7176,55.4140625
220,12146,59.2109375
220,16903,57.37109375
220,22888,59.875
221,1179,56.125
221,7245,56.40625
221,12183,59.984375
221,17027,58.62109375
221,23064,61.43359375
222,1226,57.93359375
222,7340,58.16796875
222,12269,60.734375
222,17124,59.12890625
222,23266,61.9453125
223,1243,56.9453125
223,7419,57.375
223,12371,60.0
223,17213,58.01171875
223,23447,60.9765625
224,1242,56.4765625
224,7509,56.12890625
224,12434,59.26953125
224,17492,57.671875
224,23733,60.25
225,1238,56.75
225,7655,56.3828125
225,12545,59.76171875
225,17644,57.6640625
225,23918,60.24609375
226,1236,57.24609375
226,7704,57.375
226,12728,60.015625
226,17751,58.50390625
226,24124,61.56640625
227,1338,57.31640625
227,7800,57.64453125
227,12760,61.01171875
227,17979,59.26171875
227,24360,62.08203125
228,1307,58.58203125
228,7700,58.66015625
228,13002,61.53125
228,18053,59.76953125
228,24522,62.84375
229,1262,57.84375
229,7810,58.16015625
229,12969,60.76953125
229,18250,59.4140625
229,24790,61.859375
230,1353,58.359375
230,7922,58.87890625
230,13260,61.85546875
230,18317,60.1796875
230,25003,63.14453125
231,1394,59.3828125
231,7929,60.39453125
231,13173,63.04296875
231,18574,61.48046875
231,25255,64.69140625
232,1358,58.69140625
232,7975,58.890625
232,13317,61.59765625
232,18729,60.1953125
232,25443,63.41015625
233,1315,57.91015625
233,8086,58.39453125
233,13570,62.19140625
233,18948,59.77734375
233,25656,62.49609375
234,1359,60.49609375
234,8202,61.15625
234,13504,63.44921875
234,19003,61.5859375
234,25883,64.32421875
235,1496,59.57421875
235,8189,60.16015625
235,13904,62.6953125
235,19229,61.1640625
235,26156,64.3046875
236,1363,59.5546875
236,8226,60.4296875
236,13768,62.6953125
236,19419,61.66015625
236,26386,65.0
237,1352,58.0
237,8444,58.12890625
237,13995,60.96484375
237,19666,58.87890625
237,26522,62.4765625
238,1382,59.2265625
238,8450,59.3984375
238,14106,62.71875
238,19739,60.3203125
238,26823,63.85546875
239,1421,59.35546875
239,8459,60.125
239,14224,61.734375
239,19901,60.2109375
239,27024,63.37109375
240,1433,60.62109375
240,8747,61.1484375
240,14324,63.73828125
240,20131,61.9140625
240,27212,64.83203125
241,1345,58.83203125
241,8649,59.41796875
241,14502,62.48046875
241,20217,60.5546875
241,27428,63.26953125
242,1389,58.26953125
242,8908,59.08203125
242,14496,62.50390625
242,20398,60.359375
242,27651,63.1328125
243,1534,60.1328125
243,8835,61.18359375
243,14675,64.01171875
243,20677,62.4765625
243,27903,74.1484375
244,1484,68.3984375
244,9010,68.1484375
244,14885,69.7265625
244,20712,71.83984375
244,28174,74.09375
245,1487,70.34375
245,8992,69.59375
245,14753,69.59375
245,21035,71.59375
245,28374,74.12109375
246,1539,66.12109375
246,9150,65.12109375
246,15102,65.87109375
246,21107,68.12109375
246,28667,70.65234375
247,1557,67.90234375
247,9156,67.65234375
247,15198,69.15234375
247,21410,70.921875
247,28857,74.1640625
248,1611,68.4140625
248,9175,67.9140625
248,15365,69.1640625
248,21431,71.1640625
248,29073,73.66796875
249,1483,69.16796875
249,9103,69.16796875
249,15355,69.26171875
249,21754,71.41796875
249,29272,74.19140625
250,1527,69.19140625
250,9362,68.19140625
250,15645,69.203125
250,21772,70.9609375
250,29478,73.70703125
251,1654,68.70703125
251,9412,68.20703125
251,15653,69.9765625
251,21907,72.45703125
251,29785,74.9765625
252,1610,68.9765625
252,9433,67.9765625
252,15898,69.7265625
252,22246,71.9765625
252,30011,74.23046875
253,1592,69.98046875
253,9589,69.48046875
253,15894,71.23046875
253,22444,72.98046875
253,30295,75.8359375
254,1667,69.8359375
254,9736,69.5859375
254,16045,71.0859375
254,22574,73.3359375
254,30573,76.56640625
255,1582,72.06640625
255,9755,70.31640625
255,16152,71.81640625
255,22600,73.81640625
255,30738,76.59765625
256,1634,70.59765625
256,9821,70.09765625
256,16404,71.84765625
256,22785,74.09765625
256,31023,76.87109375
257,1630,72.87109375
257,9770,72.625
257,16378,73.12109375
257,23030,75.12109375
257,31239,77.6484375
258,1675,72.1484375
258,9938,71.8984375
258,16462,73.1484375
258,23140,75.1484375
258,31526,77.90234375
259,1654,71.40234375
259,10040,68.40234375
259,16826,70.15234375
259,23353,71.65234375
259,31739,74.171875
260,1680,67.921875
260,10185,67.171875
260,16826,68.921875
260,23523,70.921875
260,31977,73.92578125
261,1671,69.67578125
261,10109,69.17578125
261,16941,70.17578125
261,23621,72.42578125
261,32199,74.6953125
262,1701,68.9453125
262,10128,67.9453125
262,17237,69.4453125
262,23966,71.6953125
262,32509,74.7109375
263,1679,72.7109375
263,10363,72.2109375
263,17222,74.4609375
263,24088,76.2109375
263,32663,78.97265625
264,1742,73.22265625
264,10422,73.22265625
264,17360,74.47265625
264,24411,76.72265625
264,33008,79.72265625
265,1728,72.22265625
265,10283,72.22265625
265,17551,72.9921875
265,24409,75.47265625
265,33211,79.26953125
266,1796,74.26953125
266,10515,74.51953125
266,17688,76.01953125
266,24757,78.01953125
266,33471,80.828125
267,1743,74.578125
267,10709,74.328125
267,17793,75.828125
267,24802,78.078125
267,33786,80.68359375
268,1737,72.43359375
268,10660,71.43359375
268,17924,72.93359375
268,25059,75.43359375
268,34012,77.96875
269,1842,70.71875
269,10825,71.21875
269,18162,72.46875
269,25028,74.71875
269,34260,77.33203125
270,1747,72.08203125
270,10920,70.83203125
270,18142,72.58203125
270,25478,75.08203125
270,34547,79.37890625
271,1880,75.37890625
271,10965,75.62890625
271,18440,77.37890625
271,25656,79.62890625
271,34721,81.8828125
272,1857,76.1328125
272,11146,75.6328125
272,18425,77.8828125
272,25753,80.1328125
272,35000,82.90625
273,1794,72.40625
273,11074,71.65625
273,18514,72.65625
273,25933,75.15625
273,35235,78.171875
274,1924,73.421875
274,11241,72.671875
274,18889,74.671875
274,26311,76.921875
274,35539,80.22265625
275,1861,72.97265625
275,11265,72.47265625
275,18759,73.48828125
275,26148,75.97265625
275,35759,78.7265625
276,1838,72.4765625
276,11473,71.4765625
276,18853,73.4765625
276,26431,75.9765625
276,36061,78.984375
277,1918,72.734375
277,11485,71.984375
277,19087,73.734375
277,26699,75.984375
277,36271,78.98828125
278,1927,73.73828125
278,11674,73.23828125
278,19150,74.48828125
278,26981,76.48828125
278,36600,80.04296875
279,2005,74.79296875
279,11493,73.54296875
279,19499,75.54296875
279,27302,77.79296875
279,36824,81.296875
280,1997,75.546875
280,11721,75.296875
280,19581,76.796875
280,27272,79.796875
280,37111,82.84375
281,1920,73.59375
281,11764,72.34375
281,19575,73.84375
281,27668,76.84375
281,37364,79.84375
282,1990,74.09375
282,11993,73.59375
282,19976,75.09375
282,27815,77.09375
282,37681,79.84765625
283,1984,72.34765625
283,11925,72.09765625
283,19877,73.34765625
283,28114,76.09765625
283,37982,79.39453125
284,2025,73.14453125
284,11950,72.39453125
284,20010,73.39453125
284,28151,76.14453125
284,38191,79.4296875
285,1982,74.1796875
285,12195,72.9296875
285,20283,74.9296875
285,28300,77.4296875
285,38522,80.5
286,2016,73.0
286,12003,72.75
286,20240,74.75
286,28566,77.5
286,38766,81.67578125
287,2123,77.42578125
287,12266,76.17578125
287,20564,77.42578125
287,28682,80.42578125
287,39022,83.19921875
288,2073,76.19921875
288,12256,75.69921875
288,20772,77.94921875
288,28866,80.19921875
288,39246,83.71484375
289,2061,76.96484375
289,12525,76.96484375
289,20817,79.21484375
289,29182,81.46484375
289,39527,84.9921875
290,2170,78.4921875
290,12401,77.4921875
290,20913,79.2421875
290,29222,82.2421875
290,39774,85.54296875
291,2193,78.04296875
291,12496,76.29296875
291,21167,78.54296875
291,29443,81.04296875
291,40096,84.04296875
292,2166,78.04296875
292,12844,78.54296875
292,21230,80.54296875
292,29760,83.05078125
292,40315,86.30078125
293,2141,81.05078125
293,12896,80.55078125
293,21354,81.30078125
293,30005,83.80078125
293,40639,86.58984375
294,2207,80.33984375
294,12994,80.33984375
294,21544,82.33984375
294,30197,84.83984375
294,40958,88.109375
295,2191,78.609375
295,12994,77.609375
295,21614,79.609375
295,30346,82.609375
295,41222,85.61328125
296,2191,78.36328125
296,13011,78.11328125
296,21874,79.36328125
296,30458,82.36328125
296,41477,85.15625
297,2224,78.15625
297,13119,77.40625
297,21888,79.15625
297,30821,81.90625
297,41807,85.41015625
298,2225,78.66015625
298,13243,77.41015625
298,22213,79.66015625
298,30830,82.41015625
298,42054,86.1953125
299,2180,80.9453125
299,13397,79.6953125
299,22205,80.9453125
299,31013,83.94921875
299,42305,86.45703125
300,2218,78.70703125
300,13372,77.70703125
300,22322,79.95703125
300,31389,82.45703125
300,42605,86.234375
301,2325,79.984375
301,13554,79.484375
301,22449,81.984375
301,31558,84.984375
301,42874,88.30078125
302,2287,79.80078125
302,13590,79.05078125
302,22508,80.8125
302,31863,83.80078125
302,43185,87.19921875
303,2277,78.44921875
303,13643,78.44921875
303,22620,80.44921875
303,32045,83.44921875
303,43481,87.8046875
304,2272,81.8046875
304,13822,80.5546875
304,23014,82.5546875
304,32149,85.3046875
304,43774,88.08984375
305,2326,80.83984375
305,13971,80.33984375
305,23009,82.83984375
305,32490,86.08984375
305,44115,89.375
306,2389,81.875
306,13985,81.125
306,23495,82.875
306,32761,85.875
306,44386,89.1640625
307,2352,80.6640625
307,14249,80.9140625
307,23461,82.6640625
307,32870,85.4140625
307,44575,88.96875
308,2432,81.46875
308,14146,80.96875
308,23536,82.96875
308,32831,85.71875
308,44928,89.01171875
309,2404,81.51171875
309,14164,81.01171875
309,23835,83.76171875
309,33421,86.51171875
309,45203,89.79296875
310,2480,82.29296875
310,14473,81.54296875
310,23990,84.04296875
310,33661,87.54296875
310,45497,90.57421875
311,2449,82.57421875
311,14455,82.07421875
311,24258,83.82421875
311,33711,87.32421875
311,45802,90.39453125
312,2446,82.14453125
312,14653,82.14453125
312,24339,84.64453125
312,34012,87.39453125
312,46100,89.9765625
313,2459,82.7265625
313,14825,81.7265625
313,24381,84.2265625
313,34067,86.9765625
313,46439,91.26171875
314,2398,83.01171875
314,14997,82.26171875
314,24705,84.76171875
314,34256,87.76171875
314,46704,91.078125
315,2501,83.328125
315,15072,82.828125
315,24524,84.828125
315,34625,88.078125
315,46978,91.37109375
316,2559,83.62109375
316,14911,82.87109375
316,24995,85.62109375
316,34722,88.87109375
316,47280,92.15234375
317,2552,83.15234375
317,14950,83.15234375
317,25145,84.90234375
317,34987,87.90234375
317,47647,90.7109375
318,2559,83.7109375
318,15091,82.7109375
318,25223,84.4609375
318,35312,87.7109375
318,47858,90.73828125
319,2555,83.73828125
319,15114,83.23828125
319,25278,84.98828125
319,35373,88.23828125
319,48126,91.5390625
320,2601,85.0390625
320,15235,85.0390625
320,25447,87.5390625
320,35630,90.7890625
320,48521,93.9140625
321,2603,83.1640625
321,15470,82.9140625
321,25677,85.4140625
321,36067,88.4140625
321,48798,92.28125
322,2621,88.53125
322,15639,87.28125
322,25746,88.296875
322,36202,91.53125
322,49162,85.47265625
323,2635,73.72265625
323,15651,73.72265625
323,25872,77.359375
323,36320,84.484375
323,49419,82.47265625
324,2652,74.22265625
324,15659,73.72265625
324,26149,77.8515625
324,36705,84.8203125
324,49688,83.22265625
325,2540,74.72265625
325,15703,73.97265625
325,26283,77.14453125
325,36830,84.06640625
325,50030,82.22265625
326,2772,74.47265625
326,16046,74.72265625
326,26432,78.875
326,37155,85.87109375
326,50399,84.97265625
327,2641,78.22265625
327,15853,76.72265625
327,26519,81.140625
327,37323,87.89453125
327,50606,85.97265625
328,2660,78.97265625
328,15899,78.22265625
328,26625,81.89453125
328,37591,89.421875
328,50961,87.72265625
329,2715,78.72265625
329,16241,78.47265625
329,27008,82.98046875
329,37720,90.234375
329,51321,88.22265625
330,2765,76.72265625
330,16218,76.72265625
330,27310,81.1484375
330,37886,87.51953125
330,51556,85.72265625
331,2651,77.72265625
331,16326,76.47265625
331,27244,80.890625
331,38417,86.9375
331,52015,85.72265625
332,2704,78.72265625
332,16339,77.97265625
332,27435,83.41796875
332,38394,89.671875
332,52151,87.22265625
333,2662,77.72265625
333,16578,77.22265625
333,27508,82.15234375
333,38625,88.74609375
333,52518,86.62109375
334,2831,78.62109375
334,16621,79.37109375
334,27919,83.9375
334,38921,91.6875
334,52793,89.125
335,2778,79.125
335,16640,77.875
335,27838,83.18359375
335,39246,90.48828125
335,53157,87.62890625
336,2828,79.37890625
336,16835,78.62890625
336,28027,83.21875
336,39300,90.48828125
336,53437,87.62890625
337,2891,77.12890625
337,17215,76.87890625
337,28521,81.49609375
337,39721,89.31640625
337,53875,85.3828125
338,2862,78.3828125
338,17162,77.1328125
338,28464,81.7734375
338,39810,89.59375
338,54080,87.8828125
339,2781,79.6328125
339,17260,79.6328125
339,28600,84.0
339,40171,92.3984375
339,54522,88.88671875
340,2962,77.38671875
340,17186,77.38671875
340,28802,82.24609375
340,40373,90.1484375
340,54730,87.140625
341,2867,78.890625
341,17319,78.140625
341,29053,82.765625
341,40720,90.71875
341,55123,87.47265625
342,2996,79.22265625
342,17368,79.22265625
342,29101,83.26953125
342,40996,91.02734375
342,55358,87.47265625
343,2836,76.72265625
343,17723,76.47265625
343,29284,81.3046875
343,41002,89.27734375
343,55704,85.72265625
344,2932,77.97265625
344,17640,76.72265625
344,29497,82.05078125
344,41282,90.08984375
344,56009,87.47265625
345,2871,78.97265625
345,17864,77.47265625
345,29551,82.56640625
345,41576,90.86328125
345,56457,87.47265625
346,3002,77.47265625
346,17890,77.22265625
346,30006,82.5703125
346,41762,90.90625
346,56789,87.22265625
347,2977,77.72265625
347,18154,76.47265625
347,30022,81.8359375
347,41965,90.17578125
347,57079,86.97265625
348,2996,76.47265625
348,18161,75.97265625
348,30261,80.91015625
348,42571,89.546875
348,57368,86.47265625
349,3063,77.47265625
349,18290,76.22265625
349,30365,81.421875
349,42387,89.27734375
349,57720,86.47265625
350,3118,77.47265625
350,18241,76.97265625
350,30656,82.68359375
350,42746,90.32421875
350,57989,87.97265625
351,3106,80.22265625
351,18345,79.47265625
351,30470,85.21875
351,42995,93.8984375
351,58284,91.47265625
352,3075,77.97265625
352,18399,77.47265625
352,30956,83.68359375
352,43099,91.953125
352,58719,88.47265625
353,3059,77.47265625
353,18742,76.22265625
353,31026,82.73046875
353,43499,91.33203125
353,59069,87.171875
354,3203,77.171875
354,18802,76.921875
354,31314,82.99609375
354,43701,92.12890625
354,59369,87.92578125
355,3157,80.67578125
355,18712,80.17578125
355,31399,85.72265625
355,44241,94.95703125
355,59729,90.67578125
356,3152,80.67578125
356,19174,80.92578125
356,31607,84.26171875
356,44129,93.17578125
356,60007,88.9296875
357,3178,78.1796875
357,19141,76.9296875
357,31701,82.76953125
357,44414,92.2265625
357,60402,88.18359375
358,3272,78.93359375
358,19132,78.43359375
358,31918,84.765625
358,44611,93.52734375
358,60716,89.43359375
359,3246,79.43359375
359,19176,79.18359375
359,31893,84.7734375
359,44917,93.5625
359,61161,103.97265625
360,3310,95.97265625
360,19308,94.97265625
360,32211,97.97265625
360,45341,102.37109375
360,61398,106.7265625
361,3298,95.7265625
361,19608,94.2265625
361,32677,96.4765625
361,45581,100.4765625
361,61671,104.57421875
362,3209,95.57421875
362,19820,95.07421875
362,32657,97.82421875
362,45790,102.07421875
362,62096,107.77734375
363,3249,95.52734375
363,19598,95.02734375
363,32849,98.52734375
363,46166,102.27734375
363,62379,107.53515625
364,3336,99.78515625
364,19880,98.53515625
364,32886,101.28515625
364,46294,105.03515625
364,62793,109.57421875
365,3293,98.07421875
365,19825,97.32421875
365,33086,100.32421875
365,46613,104.57421875
365,63172,108.83203125
366,3312,98.58203125
366,20202,97.83203125
366,33247,100.83203125
366,46847,105.08203125
366,63477,109.3515625
367,3262,101.6015625
367,20403,100.3515625
367,33596,101.8515625
367,46926,106.1015625
367,63734,110.1328125
368,3337,97.1328125
368,20147,96.8828125
368,33818,99.6328125
368,47412,103.6328125
368,64188,107.6640625
369,3436,98.1640625
369,20179,96.9140625
369,34076,100.1640625
369,47420,103.9140625
369,64528,108.41796875
370,3475,97.66796875
370,20537,96.66796875
370,33906,99.91796875
370,47760,104.16796875
370,64813,108.23828125
371,3383,96.48828125
371,20626,96.73828125
371,34293,99.98828125
371,48223,104.23828125
371,65202,108.27734375
372,3460,98.52734375
372,20683,97.52734375
372,34274,100.77734375
372,48397,104.77734375
372,65526,109.03515625
373,3462,96.78515625
373,20802,97.03515625
373,34847,100.28515625
373,48555,104.78515625
373,65848,108.78515625
374,3563,97.03515625
374,20883,96.78515625
374,34642,99.78515625
374,48842,103.78515625
374,66247,112.265625
375,3624,102.765625
375,20820,103.015625
375,34943,106.015625
375,49173,110.265625
375,66628,114.29296875
376,3573,103.54296875
376,20927,103.54296875
376,35567,107.54296875
376,49267,111.79296875
376,66918,115.828125
377,3515,102.328125
377,21408,102.828125
377,35339,105.828125
377,49782,110.078125
377,67360,114.13671875
378,3619,104.13671875
378,21325,102.63671875
378,35517,105.38671875
378,49793,109.63671875
378,67603,113.640625
379,3538,104.890625
379,21414,103.390625
379,35786,106.890625
379,50130,110.890625
379,68078,116.6640625
380,3651,104.6640625
380,21787,104.1640625
380,36123,107.1640625
380,50525,111.6640625
380,68416,116.1640625
381,3676,104.4140625
381,21692,103.9140625
381,36092,107.1640625
381,51100,111.4140625
381,68793,116.04296875
382,3789,103.79296875
382,21790,103.54296875
382,36596,106.79296875
382,50992,111.54296875
382,69113,115.57421875
383,3618,104.57421875
383,21942,104.57421875
383,36466,107.82421875
383,51290,111.82421875
383,69500,116.45703125
384,3593,105.45703125
384,22033,103.70703125
384,36843,107.20703125
384,51364,111.70703125
384,69877,117.640625
385,3681,106.390625
385,22198,106.890625
385,37054,110.14453125
385,51936,114.890625
385,70368,119.1484375
386,3644,107.8984375
386,22284,105.8984375
386,37226,109.3984375
386,52062,114.1484375
386,70575,118.94921875
387,3710,107.44921875
387,22293,106.19921875
387,37722,109.94921875
387,52113,114.44921875
387,70868,118.703125
388,3856,107.453125
388,22467,107.703125
388,37754,111.203125
388,52561,115.703125
388,71300,120.71875
389,3755,108.96875
389,22749,107.96875
389,37674,111.46875
389,52723,115.96875
389,71715,120.47265625
390,3807,109.47265625
390,22772,108.72265625
390,37774,112.47265625
390,53063,116.47265625
390,72018,121.765625
391,3802,108.515625
391,23034,108.265625
391,38169,111.765625
391,53478,116.515625
391,72351,121.54296875
392,3741,109.54296875
392,23178,109.79296875
392,38180,113.54296875
392,53804,117.54296875
392,72756,122.57421875
393,3853,109.32421875
393,23074,108.32421875
393,38583,112.32421875
393,54144,116.82421875
393,73209,121.87890625
394,3874,110.37890625
394,23482,109.87890625
394,38650,113.62890625
394,54397,118.12890625
394,73603,122.66796875
395,3740,110.16796875
395,23209,109.16796875
395,38519,113.16796875
395,54525,118.16796875
395,73862,122.95703125
396,3770,109.45703125
396,23455,108.20703125
396,39092,112.20703125
396,54677,116.95703125
396,74242,121.4609375
397,3937,110.4609375
397,23306,109.2109375
397,39406,112.9609375
397,55204,117.9609375
397,74568,122.4765625
398,3921,109.9765625
398,23729,109.4765625
398,39256,112.2265625
398,55284,117.2265625
398,75046,122.015625
399,3890,110.265625
399,23865,109.265625
399,39652,113.015625
399,55531,118.015625
399,75397,122.53125
