2,1,3.528594970703125e-05
5,5,1.9311904907226562e-05
5,6,1.9073486328125e-05
5,7,3.123283386230469e-05
5,8,2.6941299438476562e-05
2,1,1.71661376953125e-05
2,1,1.7642974853515625e-05
5,4,5.8650970458984375e-05
6,12,3.1948089599609375e-05
6,14,3.24249267578125e-05
4,2,1.6450881958007812e-05
7,9,4.506111145019531e-05
7,11,3.504753112792969e-05
7,12,3.314018249511719e-05
7,20,3.0279159545898438e-05
8,9,3.4809112548828125e-05
8,13,2.6941299438476562e-05
8,18,2.6702880859375e-05
8,28,3.0517578125e-05
2,1,1.239776611328125e-05
8,7,2.0265579223632812e-05
9,20,2.5987625122070312e-05
9,22,4.172325134277344e-05
9,35,3.123283386230469e-05
6,4,2.4557113647460938e-05
10,12,3.838539123535156e-05
10,22,3.170967102050781e-05
10,30,3.0517578125e-05
10,44,3.3855438232421875e-05
7,4,2.2411346435546875e-05
10,15,3.0279159545898438e-05
11,28,3.337860107421875e-05
11,40,4.1961669921875e-05
11,52,6.723403930664062e-05
7,5,2.5272369384765625e-05
12,27,3.8623809814453125e-05
12,33,5.6743621826171875e-05
12,52,3.6716461181640625e-05
12,65,5.030632019042969e-05
10,8,3.719329833984375e-05
13,29,9.107589721679688e-05
13,43,7.867813110351562e-05
13,56,0.00012087821960449219
13,74,6.031990051269531e-05
10,7,3.1948089599609375e-05
14,36,5.1021575927734375e-05
14,44,5.435943603515625e-05
14,55,0.00011014938354492188
14,89,8.249282836914062e-05
4,2,2.1219253540039062e-05
15,36,6.270408630371094e-05
15,59,8.153915405273438e-05
15,70,8.106231689453125e-05
15,100,6.175041198730469e-05
9,6,2.4080276489257812e-05
16,35,7.867813110351562e-05
16,66,6.318092346191406e-05
16,93,5.4836273193359375e-05
16,115,5.412101745605469e-05
8,4,2.002716064453125e-05
17,48,4.8160552978515625e-05
17,66,4.291534423828125e-05
17,101,5.555152893066406e-05
17,127,6.461143493652344e-05
11,9,2.5987625122070312e-05
18,46,4.410743713378906e-05
18,72,6.389617919921875e-05
18,107,0.00012803077697753906
18,142,0.00011873245239257812
11,8,4.1484832763671875e-05
19,57,0.00015473365783691406
19,85,9.322166442871094e-05
19,124,8.916854858398438e-05
19,159,0.00012636184692382812
13,9,7.295608520507812e-05
20,70,7.414817810058594e-05
20,86,5.602836608886719e-05
20,131,6.031990051269531e-05
20,185,7.605552673339844e-05
12,7,2.4557113647460938e-05
21,64,5.125999450683594e-05
21,112,5.817413330078125e-05
21,155,6.580352783203125e-05
21,202,6.4849853515625e-05
17,15,3.600120544433594e-05
22,76,8.20159912109375e-05
22,117,0.00011467933654785156
22,175,0.0001494884490966797
22,218,0.00012826919555664062
18,13,6.29425048828125e-05
23,85,8.082389831542969e-05
23,131,9.72747802734375e-05
23,172,8.249282836914062e-05
23,245,7.796287536621094e-05
17,12,3.337860107421875e-05
24,90,6.127357482910156e-05
24,132,6.270408630371094e-05
24,204,0.00010418891906738281
24,264,0.0001926422119140625
21,25,7.081031799316406e-05
25,82,0.0001227855682373047
25,144,0.00012087821960449219
25,227,0.00015783309936523438
25,291,9.34600830078125e-05
18,13,3.4809112548828125e-05
26,114,7.104873657226562e-05
26,160,7.486343383789062e-05
26,236,0.0001327991485595703
26,314,0.00017595291137695312
24,19,8.106231689453125e-05
27,114,0.0001308917999267578
27,170,0.00017070770263671875
27,234,0.00010371208190917969
27,331,0.00011229515075683594
25,21,4.696846008300781e-05
28,117,6.914138793945312e-05
28,174,8.7738037109375e-05
28,271,0.00010895729064941406
28,356,0.0001418590545654297
23,21,9.655952453613281e-05
29,134,8.702278137207031e-05
29,176,0.00010013580322265625
29,268,0.00010514259338378906
29,384,0.00010085105895996094
16,16,5.173683166503906e-05
30,114,0.00014638900756835938
30,202,0.00015425682067871094
30,298,0.00020074844360351562
30,410,0.00012803077697753906
21,21,4.553794860839844e-05
31,155,7.796287536621094e-05
31,236,0.00010704994201660156
31,308,0.00013637542724609375
31,449,0.00014591217041015625
27,22,5.6743621826171875e-05
32,150,0.0001251697540283203
32,263,0.00011777877807617188
32,364,0.00011396408081054688
32,471,0.0001876354217529297
22,21,9.465217590332031e-05
33,172,0.00018739700317382812
33,260,0.0001246929168701172
33,383,0.0001628398895263672
33,509,0.0001385211944580078
29,24,5.030632019042969e-05
34,174,8.416175842285156e-05
34,289,9.989738464355469e-05
34,391,0.0002791881561279297
34,529,0.00014853477478027344
26,26,9.012222290039062e-05
35,180,0.00019240379333496094
35,297,0.00012111663818359375
35,419,0.00014972686767578125
35,567,0.0001685619354248047
32,33,0.00014328956604003906
36,171,0.00011944770812988281
36,306,0.00026297569274902344
36,443,0.00022602081298828125
36,602,0.00015592575073242188
28,28,5.841255187988281e-05
37,201,8.988380432128906e-05
37,336,0.00011301040649414062
37,463,0.00023555755615234375
37,630,0.00016021728515625
30,23,5.125999450683594e-05
38,228,0.00010442733764648438
38,353,0.000125885009765625
38,477,0.00032711029052734375
38,667,0.00016188621520996094
37,42,8.058547973632812e-05
39,237,0.00017881393432617188
39,357,0.0002067089080810547
39,525,0.00035309791564941406
39,714,0.00020074844360351562
36,43,0.0001533031463623047
40,208,0.00013303756713867188
40,413,0.00012683868408203125
40,544,0.0004210472106933594
40,737,0.0002689361572265625
34,47,0.0001380443572998047
41,241,0.0001437664031982422
41,406,0.0001621246337890625
41,581,0.0001583099365234375
41,783,0.0002193450927734375
36,45,0.00011444091796875
42,261,0.00015544891357421875
42,426,0.00015616416931152344
42,624,0.00022649765014648438
42,822,0.0001857280731201172
34,44,7.200241088867188e-05
43,271,0.00012230873107910156
43,467,0.00016427040100097656
43,636,0.0002288818359375
43,867,0.00019979476928710938
39,48,7.748603820800781e-05
44,279,0.0001709461212158203
44,474,0.00034737586975097656
44,655,0.0001811981201171875
44,908,0.00034999847412109375
41,47,0.00016427040100097656
45,276,0.00019288063049316406
45,492,0.00014328956604003906
45,689,0.00024890899658203125
45,939,0.00022149085998535156
42,52,8.082389831542969e-05
46,299,0.00013446807861328125
46,532,0.00028967857360839844
46,722,0.00019288063049316406
46,984,0.0003178119659423828
44,55,0.00011515617370605469
47,333,0.0001926422119140625
47,566,0.0001938343048095703
47,754,0.00019693374633789062
47,1028,0.00025534629821777344
43,62,0.00012755393981933594
48,350,0.00016880035400390625
48,570,0.00033354759216308594
48,785,0.000202178955078125
48,1076,0.00035071372985839844
45,56,0.00013518333435058594
49,348,0.0001709461212158203
49,594,0.00017905235290527344
49,817,0.0001952648162841797
49,1110,0.0003719329833984375
47,60,0.00016379356384277344
50,347,0.00018858909606933594
50,598,0.00018405914306640625
50,862,0.0002040863037109375
50,1155,0.0002899169921875
43,59,8.96453857421875e-05
51,390,0.0001494884490966797
51,659,0.0002532005310058594
51,875,0.00023746490478515625
51,1210,0.00025153160095214844
48,66,9.846687316894531e-05
52,390,0.00015997886657714844
52,685,0.00026607513427734375
52,938,0.00022721290588378906
52,1274,0.00028514862060546875
52,64,9.703636169433594e-05
53,418,0.00017499923706054688
53,692,0.0003199577331542969
53,976,0.0002200603485107422
53,1325,0.00031065940856933594
53,74,0.00010251998901367188
54,442,0.00018286705017089844
54,720,0.0001952648162841797
54,1014,0.0003693103790283203
54,1361,0.0002741813659667969
55,83,0.00012493133544921875
55,435,0.00029468536376953125
55,714,0.00023889541625976562
55,1057,0.0002715587615966797
55,1402,0.0002789497375488281
53,73,0.00010633468627929688
56,474,0.00023555755615234375
56,781,0.0002434253692626953
56,1070,0.0003612041473388672
56,1460,0.00034046173095703125
55,85,0.0002689361572265625
57,465,0.0001964569091796875
57,818,0.0002110004425048828
57,1073,0.0002682209014892578
57,1513,0.0003077983856201172
54,78,0.00015211105346679688
58,500,0.0002205371856689453
58,816,0.00035572052001953125
58,1123,0.0002684593200683594
58,1566,0.0003218650817871094
54,77,0.0001049041748046875
59,499,0.00026035308837890625
59,847,0.00024247169494628906
59,1200,0.0003390312194824219
59,1618,0.00046634674072265625
57,92,0.00016641616821289062
60,509,0.0002071857452392578
60,905,0.00022268295288085938
60,1244,0.0002818107604980469
60,1682,0.00036072731018066406
60,93,0.0001220703125
61,556,0.00023865699768066406
61,894,0.0002505779266357422
61,1272,0.00036978721618652344
61,1736,0.0003533363342285156
58,86,0.0002262592315673828
62,594,0.0002536773681640625
62,951,0.0003216266632080078
62,1311,0.0005450248718261719
62,1768,0.0007231235504150391
60,84,0.000148773193359375
63,611,0.00020074844360351562
63,960,0.0004699230194091797
63,1414,0.0006067752838134766
63,1838,0.00042438507080078125
61,103,0.00017499923706054688
64,592,0.00024271011352539062
64,1025,0.0004417896270751953
64,1429,0.0005393028259277344
64,1911,0.0006935596466064453
63,107,0.00015115737915039062
65,653,0.0002682209014892578
65,1064,0.0002658367156982422
65,1461,0.00037789344787597656
65,1971,0.00041675567626953125
62,107,0.00013375282287597656
66,708,0.00037670135498046875
66,1083,0.00025391578674316406
66,1458,0.0003139972686767578
66,2047,0.0003917217254638672
64,120,0.0001366138458251953
67,649,0.00024509429931640625
67,1106,0.0002791881561279297
67,1595,0.0003497600555419922
67,2104,0.00040078163146972656
66,138,0.00014925003051757812
68,701,0.00026917457580566406
68,1122,0.0002532005310058594
68,1625,0.0004258155822753906
68,2156,0.0004711151123046875
66,105,0.0002582073211669922
69,711,0.00026917457580566406
69,1134,0.0005083084106445312
69,1627,0.00042319297790527344
69,2225,0.0005137920379638672
66,129,0.00014829635620117188
70,716,0.0002949237823486328
70,1199,0.0002999305725097656
70,1681,0.00037217140197753906
70,2275,0.0004248619079589844
71,118,0.00014662742614746094
71,735,0.00023818016052246094
71,1252,0.0003211498260498047
71,1737,0.0003693103790283203
71,2354,0.0004286766052246094
70,107,0.00014019012451171875
72,756,0.0005412101745605469
72,1305,0.0003230571746826172
72,1784,0.0004153251647949219
72,2418,0.0005285739898681641
72,125,0.00019240379333496094
73,787,0.0002532005310058594
73,1353,0.0003521442413330078
73,1863,0.0003802776336669922
73,2523,0.0005185604095458984
73,129,0.00014448165893554688
74,819,0.0002818107604980469
74,1360,0.0006222724914550781
74,1882,0.00047779083251953125
74,2584,0.00048041343688964844
74,140,0.00015687942504882812
75,856,0.00025582313537597656
75,1409,0.00031447410583496094
75,1911,0.0003657341003417969
75,2638,0.00046372413635253906
75,139,0.00015544891357421875
76,826,0.00026535987854003906
76,1427,0.00032830238342285156
76,1997,0.0003886222839355469
76,2701,0.0005078315734863281
75,145,0.00016355514526367188
77,879,0.00025343894958496094
77,1490,0.0003190040588378906
77,2103,0.00045943260192871094
77,2766,0.0005221366882324219
78,164,0.00016689300537109375
78,883,0.00026869773864746094
78,1512,0.0003437995910644531
78,2061,0.00048422813415527344
78,2872,0.0006382465362548828
78,152,0.0002079010009765625
79,968,0.0003440380096435547
79,1582,0.00032973289489746094
79,2097,0.0010874271392822266
79,2919,0.0005645751953125
79,166,0.0001728534698486328
80,923,0.0003266334533691406
80,1564,0.0003521442413330078
80,2201,0.0005888938903808594
80,3018,0.0005185604095458984
81,156,0.00017189979553222656
81,983,0.00030231475830078125
81,1630,0.00035953521728515625
81,2271,0.0004131793975830078
81,3068,0.0005733966827392578
81,182,0.00018286705017089844
82,1020,0.000286102294921875
82,1619,0.00037169456481933594
82,2317,0.0006060600280761719
82,3133,0.0005447864532470703
81,177,0.00018858909606933594
83,1042,0.0003116130828857422
83,1670,0.000732421875
83,2404,0.0006268024444580078
83,3234,0.0005815029144287109
82,184,0.00017762184143066406
84,1028,0.0004372596740722656
84,1726,0.0003674030303955078
84,2445,0.0005373954772949219
84,3299,0.0006277561187744141
83,180,0.00018167495727539062
85,1088,0.0002808570861816406
85,1796,0.0003802776336669922
85,2488,0.0006108283996582031
85,3384,0.0006487369537353516
86,178,0.00018334388732910156
86,1076,0.00033283233642578125
86,1812,0.00039267539978027344
86,2554,0.0008182525634765625
86,3481,0.0005939006805419922
85,197,0.0001976490020751953
87,1125,0.0003292560577392578
87,1859,0.0004074573516845703
87,2577,0.0007033348083496094
87,3576,0.0006384849548339844
87,192,0.00019812583923339844
88,1146,0.0005755424499511719
88,1866,0.0005044937133789062
88,2680,0.0005822181701660156
88,3629,0.0006589889526367188
88,199,0.00019669532775878906
89,1244,0.0003478527069091797
89,1974,0.0004913806915283203
89,2758,0.0004949569702148438
89,3719,0.0006806850433349609
90,191,0.0001857280731201172
90,1200,0.0008025169372558594
90,2038,0.0005276203155517578
90,2742,0.0005457401275634766
90,3805,0.0011496543884277344
90,217,0.00027060508728027344
91,1267,0.0004057884216308594
91,2020,0.0004467964172363281
91,2855,0.0005741119384765625
91,3891,0.0006978511810302734
92,188,0.0002396106719970703
92,1271,0.000396728515625
92,2130,0.0004417896270751953
92,2889,0.0005583763122558594
92,3965,0.0006618499755859375
93,204,0.00039267539978027344
93,1303,0.00042629241943359375
93,2099,0.0008914470672607422
93,2937,0.0005459785461425781
93,4047,0.0007162094116210938
94,211,0.0003483295440673828
94,1320,0.0004076957702636719
94,2187,0.0005369186401367188
94,3071,0.0006878376007080078
94,4162,0.0007178783416748047
95,222,0.00021266937255859375
95,1307,0.0004220008850097656
95,2267,0.0005064010620117188
95,3152,0.0005447864532470703
95,4250,0.0013053417205810547
96,217,0.00024771690368652344
96,1403,0.0004832744598388672
96,2297,0.0005640983581542969
96,3219,0.0009675025939941406
96,4326,0.0007383823394775391
96,230,0.00022125244140625
97,1445,0.0003597736358642578
97,2296,0.00048065185546875
97,3239,0.0006988048553466797
97,4438,0.0007410049438476562
97,250,0.00023031234741210938
98,1390,0.0003566741943359375
98,2395,0.0005338191986083984
98,3318,0.0006194114685058594
98,4525,0.0008063316345214844
99,239,0.0003151893615722656
99,1429,0.00036907196044921875
99,2389,0.0004963874816894531
99,3407,0.0006380081176757812
99,4576,0.0007956027984619141
99,231,0.00022149085998535156
100,1464,0.0005033016204833984
100,2459,0.0007388591766357422
100,3468,0.0006489753723144531
100,4710,0.0008194446563720703
101,240,0.0003070831298828125
101,1495,0.0008463859558105469
101,2576,0.0005457401275634766
101,3509,0.0007596015930175781
101,4804,0.0010123252868652344
100,266,0.0003371238708496094
102,1537,0.0004661083221435547
102,2583,0.0005736351013183594
102,3625,0.0006735324859619141
102,4892,0.0008161067962646484
101,271,0.0002894401550292969
103,1515,0.00044035911560058594
103,2622,0.0007731914520263672
103,3657,0.0006635189056396484
103,4979,0.0008711814880371094
104,244,0.0002422332763671875
104,1655,0.0004150867462158203
104,2652,0.0006794929504394531
104,3756,0.0007822513580322266
104,5073,0.0008594989776611328
105,308,0.0002713203430175781
105,1602,0.0004138946533203125
105,2758,0.0005705356597900391
105,3831,0.0007138252258300781
105,5164,0.0010781288146972656
103,261,0.0002465248107910156
106,1631,0.0004394054412841797
106,2814,0.0008037090301513672
106,3937,0.0007090568542480469
106,5286,0.0008683204650878906
107,271,0.0002281665802001953
107,1711,0.00041747093200683594
107,2817,0.0006079673767089844
107,3923,0.000713348388671875
107,5380,0.0008988380432128906
108,279,0.0002646446228027344
108,1784,0.0004508495330810547
108,2912,0.0006129741668701172
108,4029,0.0006961822509765625
108,5478,0.00092315673828125
109,304,0.0002543926239013672
109,1757,0.0004870891571044922
109,2941,0.0006399154663085938
109,4176,0.001117706298828125
109,5583,0.0008907318115234375
110,304,0.00031495094299316406
110,1828,0.0005352497100830078
110,3014,0.0005676746368408203
110,4235,0.000736236572265625
110,5697,0.0009872913360595703
110,312,0.0003018379211425781
111,1858,0.0005261898040771484
111,3060,0.0006239414215087891
111,4325,0.0008413791656494141
111,5817,0.00103759765625
112,307,0.0002639293670654297
112,1897,0.0005095005035400391
112,3135,0.0005960464477539062
112,4360,0.0008001327514648438
112,5889,0.0010178089141845703
112,281,0.0002715587615966797
113,1899,0.0004780292510986328
113,3234,0.0006279945373535156
113,4385,0.0007524490356445312
113,5997,0.00098419189453125
114,317,0.0002951622009277344
114,1816,0.00048279762268066406
114,3209,0.0006322860717773438
114,4463,0.0007865428924560547
114,6119,0.0010538101196289062
115,319,0.00033354759216308594
115,1931,0.0005152225494384766
115,3322,0.0006089210510253906
115,4531,0.0008862018585205078
115,6220,0.0010974407196044922
116,306,0.00027441978454589844
116,2036,0.00048041343688964844
116,3353,0.0007135868072509766
116,4604,0.0013387203216552734
116,6358,0.0010190010070800781
116,316,0.0002853870391845703
117,2110,0.000492095947265625
117,3392,0.0006811618804931641
117,4731,0.0009343624114990234
117,6451,0.0011355876922607422
118,321,0.0003223419189453125
118,2082,0.0005097389221191406
118,3529,0.0006504058837890625
118,4869,0.0008876323699951172
118,6563,0.0011212825775146484
119,349,0.0003044605255126953
119,2184,0.0005249977111816406
119,3609,0.0006778240203857422
119,4925,0.0008249282836914062
119,6647,0.0011141300201416016
120,349,0.0002868175506591797
120,2116,0.0007307529449462891
120,3608,0.0007193088531494141
120,5029,0.0008604526519775391
120,6783,0.001085042953491211
121,368,0.00032138824462890625
121,2184,0.0006394386291503906
121,3695,0.0007984638214111328
121,5083,0.0010111331939697266
121,6888,0.0011000633239746094
121,348,0.0003032684326171875
122,2150,0.0014259815216064453
122,3668,0.0008718967437744141
122,5148,0.0009577274322509766
122,6993,0.0011670589447021484
123,366,0.0005023479461669922
123,2255,0.0005927085876464844
123,3763,0.0010876655578613281
123,5254,0.0009286403656005859
123,7124,0.0011391639709472656
123,375,0.0002930164337158203
124,2330,0.0007202625274658203
124,3813,0.0007619857788085938
124,5402,0.00092315673828125
124,7265,0.0015950202941894531
125,406,0.00040912628173828125
125,2319,0.0005338191986083984
125,3913,0.0007326602935791016
125,5396,0.0010426044464111328
125,7336,0.0011801719665527344
126,437,0.00037741661071777344
126,2279,0.0005562305450439453
126,3938,0.0007641315460205078
126,5524,0.0009646415710449219
126,7472,0.0012936592102050781
127,429,0.0003268718719482422
127,2358,0.0005409717559814453
127,4115,0.0007870197296142578
127,5610,0.0010099411010742188
127,7612,0.001341104507446289
128,409,0.0003123283386230469
128,2417,0.0005648136138916016
128,4049,0.0008208751678466797
128,5684,0.0010385513305664062
128,7718,0.0012717247009277344
129,397,0.0004489421844482422
129,2439,0.0007748603820800781
129,4151,0.0007634162902832031
129,5753,0.0010573863983154297
129,7869,0.001332998275756836
130,411,0.0003554821014404297
130,2426,0.0008869171142578125
130,4213,0.0008382797241210938
130,5923,0.0010919570922851562
130,7979,0.001436471939086914
131,424,0.00036334991455078125
131,2544,0.0007081031799316406
131,4247,0.0010025501251220703
131,5898,0.0016622543334960938
131,8094,0.0012941360473632812
132,423,0.0004475116729736328
132,2599,0.0005645751953125
132,4421,0.0008165836334228516
132,6111,0.001026153564453125
132,8244,0.0013554096221923828
133,445,0.00042128562927246094
133,2602,0.0010538101196289062
133,4420,0.0009388923645019531
133,6125,0.0010929107666015625
133,8350,0.0013997554779052734
134,440,0.0004589557647705078
134,2691,0.001771688461303711
134,4430,0.0009124279022216797
134,6279,0.0011432170867919922
134,8449,0.0014486312866210938
135,460,0.00044226646423339844
135,2710,0.0005958080291748047
135,4402,0.0008726119995117188
135,6276,0.0011556148529052734
135,8577,0.0014495849609375
136,465,0.0004737377166748047
136,2785,0.000667572021484375
136,4595,0.0009071826934814453
136,6396,0.0010900497436523438
136,8743,0.0014286041259765625
137,487,0.0004203319549560547
137,2762,0.0005650520324707031
137,4689,0.0008568763732910156
137,6508,0.0011439323425292969
137,8833,0.0013973712921142578
138,454,0.0005030632019042969
138,2818,0.0006544589996337891
138,4737,0.0008525848388671875
138,6600,0.0010998249053955078
138,8949,0.002045869827270508
139,480,0.00048828125
139,2920,0.00067138671875
139,4694,0.0009453296661376953
139,6764,0.0011813640594482422
139,9124,0.0014846324920654297
140,481,0.0004508495330810547
140,2997,0.0007207393646240234
140,4907,0.0009927749633789062
140,6906,0.0011870861053466797
140,9249,0.001514434814453125
141,476,0.0003407001495361328
141,2878,0.0006968975067138672
141,4969,0.0009074211120605469
141,6889,0.0011739730834960938
141,9397,0.0015270709991455078
142,506,0.0003943443298339844
142,2967,0.0007297992706298828
142,4955,0.0009214878082275391
142,7001,0.0011947154998779297
142,9524,0.0015840530395507812
143,485,0.00040984153747558594
143,2958,0.0008275508880615234
143,5064,0.0009531974792480469
143,7087,0.001224517822265625
143,9629,0.0015599727630615234
144,511,0.00036454200744628906
144,3108,0.0007071495056152344
144,5181,0.0010178089141845703
144,7151,0.0012180805206298828
144,9768,0.0015711784362792969
145,513,0.0005950927734375
145,3112,0.0008099079132080078
145,5204,0.00127410888671875
145,7276,0.0012478828430175781
145,9884,0.0016171932220458984
146,556,0.0005278587341308594
146,3097,0.0007677078247070312
146,5186,0.0009982585906982422
146,7404,0.001268625259399414
146,10058,0.0016193389892578125
147,567,0.0004985332489013672
147,3259,0.0012519359588623047
147,5365,0.0009517669677734375
147,7522,0.0012438297271728516
147,10193,0.0015997886657714844
148,480,0.0007479190826416016
148,3317,0.0007977485656738281
148,5477,0.0009877681732177734
148,7659,0.001356363296508789
148,10289,0.0016274452209472656
149,540,0.0005283355712890625
149,3273,0.0009138584136962891
149,5542,0.0009868144989013672
149,7693,0.0013382434844970703
149,10492,0.0018379688262939453
150,529,0.0003979206085205078
150,3329,0.0008633136749267578
150,5570,0.0010135173797607422
150,7854,0.001322031021118164
150,10577,0.0017330646514892578
151,595,0.0004990100860595703
151,3535,0.0007305145263671875
151,5664,0.0010776519775390625
151,7821,0.0013165473937988281
151,10771,0.0018472671508789062
152,598,0.0004494190216064453
152,3450,0.0007712841033935547
152,5826,0.0010998249053955078
152,7940,0.0013544559478759766
152,10881,0.001734018325805664
153,586,0.0005230903625488281
153,3428,0.000782012939453125
153,5800,0.0010919570922851562
153,8126,0.0013840198516845703
153,11042,0.0018115043640136719
154,585,0.0006086826324462891
154,3519,0.0007359981536865234
154,5904,0.0010302066802978516
154,8212,0.0013663768768310547
154,11176,0.0018901824951171875
154,567,0.0005161762237548828
155,3500,0.0007331371307373047
155,5958,0.0011126995086669922
155,8344,0.0015230178833007812
155,11338,0.0017881393432617188
156,626,0.0007915496826171875
156,3585,0.0016436576843261719
156,6036,0.0010707378387451172
156,8442,0.0015635490417480469
156,11497,0.002020597457885742
157,598,0.0004315376281738281
157,3717,0.0008535385131835938
157,6094,0.0011317729949951172
157,8495,0.0015177726745605469
157,11611,0.0036859512329101562
158,594,0.0005035400390625
158,3769,0.0014450550079345703
158,6304,0.0014219284057617188
158,8623,0.0014712810516357422
158,11793,0.0023651123046875
159,659,0.0005345344543457031
159,3745,0.0008640289306640625
159,6379,0.0012106895446777344
159,8782,0.0015456676483154297
159,11948,0.0019485950469970703
160,639,0.0004382133483886719
160,3774,0.0009412765502929688
160,6388,0.0012691020965576172
160,8917,0.001531839370727539
160,12107,0.0020546913146972656
161,594,0.00054931640625
161,3759,0.0007910728454589844
161,6472,0.0011394023895263672
161,8999,0.001476287841796875
161,12223,0.0019431114196777344
162,626,0.0004875659942626953
162,3937,0.0007598400115966797
162,6602,0.0012662410736083984
162,9121,0.0015118122100830078
162,12363,0.002010822296142578
163,650,0.0008687973022460938
163,3894,0.0008156299591064453
163,6575,0.0012145042419433594
163,9164,0.0015463829040527344
163,12602,0.0020177364349365234
164,666,0.0004458427429199219
164,3999,0.0008196830749511719
164,6740,0.001220703125
164,9276,0.0015170574188232422
164,12713,0.002048969268798828
165,719,0.00046443939208984375
165,4020,0.0008440017700195312
165,6803,0.0012023448944091797
165,9418,0.0016252994537353516
165,12877,0.0020792484283447266
166,681,0.0005602836608886719
166,4067,0.0008428096771240234
166,6828,0.0013074874877929688
166,9496,0.0015850067138671875
166,13002,0.0021729469299316406
167,719,0.0006494522094726562
167,4079,0.0008485317230224609
167,6874,0.0011820793151855469
167,9712,0.0016751289367675781
167,13157,0.0020799636840820312
168,748,0.0005581378936767578
168,4157,0.0008585453033447266
168,6952,0.0012214183807373047
168,9904,0.0016186237335205078
168,13337,0.002101898193359375
169,710,0.00048351287841796875
169,4249,0.0009067058563232422
169,7097,0.0013492107391357422
169,9942,0.001600503921508789
169,13496,0.0021104812622070312
170,731,0.0004658699035644531
170,4265,0.0008800029754638672
170,7263,0.0013179779052734375
170,10122,0.0016994476318359375
170,13626,0.002296924591064453
171,695,0.0004620552062988281
171,4350,0.000926971435546875
171,7283,0.0014264583587646484
171,10105,0.0017566680908203125
171,13758,0.0022897720336914062
172,736,0.0004782676696777344
172,4396,0.0009064674377441406
172,7264,0.001359701156616211
172,10375,0.0017881393432617188
172,13992,0.0024373531341552734
173,758,0.0005152225494384766
173,4455,0.0010352134704589844
173,7396,0.0013349056243896484
173,10431,0.0017421245574951172
173,14107,0.002337932586669922
174,767,0.000492095947265625
174,4517,0.0009107589721679688
174,7547,0.001306772232055664
174,10596,0.002044677734375
174,14300,0.0024573802947998047
175,812,0.0006020069122314453
175,4474,0.0009653568267822266
175,7695,0.0013577938079833984
175,10662,0.0017888545989990234
175,14467,0.0023946762084960938
176,745,0.0004482269287109375
176,4551,0.0009713172912597656
176,7694,0.00133514404296875
176,10695,0.0017993450164794922
176,14589,0.00244903564453125
177,776,0.0005593299865722656
177,4754,0.0009484291076660156
177,7859,0.0014486312866210938
177,10964,0.0019116401672363281
177,14824,0.0024755001068115234
178,789,0.0004813671112060547
178,4770,0.0009996891021728516
178,7804,0.0014407634735107422
178,10980,0.0019195079803466797
178,14966,0.0027303695678710938
179,824,0.0005171298980712891
179,4811,0.0011191368103027344
179,7912,0.002184152603149414
179,11160,0.0018908977508544922
179,15142,0.0025987625122070312
180,786,0.0005180835723876953
180,4912,0.0011513233184814453
180,8001,0.0015285015106201172
180,11177,0.0018978118896484375
180,15252,0.002669095993041992
181,759,0.0005826950073242188
181,4940,0.0011298656463623047
181,8194,0.0013890266418457031
181,11471,0.0019648075103759766
181,15480,0.002596616744995117
182,795,0.0005519390106201172
182,4963,0.0010852813720703125
182,8247,0.0014927387237548828
182,11588,0.0020012855529785156
182,15682,0.0055506229400634766
183,815,0.0006067752838134766
183,4994,0.0011479854583740234
183,8396,0.0016019344329833984
183,11795,0.0019893646240234375
183,15787,0.0034830570220947266
184,828,0.0005452632904052734
184,5072,0.0010683536529541016
184,8431,0.0015175342559814453
184,11887,0.002645254135131836
184,15930,0.0055315494537353516
185,849,0.0008499622344970703
185,5076,0.001302957534790039
185,8367,0.0018334388732910156
185,11967,0.0020155906677246094
185,16198,0.0027010440826416016
186,862,0.0005102157592773438
186,5130,0.0012652873992919922
186,8572,0.0017724037170410156
186,12076,0.002142667770385742
186,16311,0.003918886184692383
187,865,0.0005497932434082031
187,5252,0.001798391342163086
187,8780,0.002482891082763672
187,12241,0.002127408981323242
187,16553,0.002789735794067383
188,831,0.0006592273712158203
188,5331,0.001074075698852539
188,8802,0.001512765884399414
188,12338,0.002034425735473633
188,16712,0.002650022506713867
189,860,0.0006911754608154297
189,5220,0.0010242462158203125
189,8762,0.0015673637390136719
189,12411,0.002110004425048828
189,16871,0.0027344226837158203
190,929,0.0005083084106445312
190,5404,0.0011801719665527344
190,9059,0.0015969276428222656
190,12540,0.0021326541900634766
190,17075,0.0027208328247070312
191,871,0.0005223751068115234
191,5475,0.0011320114135742188
191,8998,0.0016069412231445312
191,12715,0.002117156982421875
191,17242,0.0029222965240478516
192,913,0.0005447864532470703
192,5544,0.0012898445129394531
192,9149,0.002973794937133789
192,12862,0.0023119449615478516
192,17423,0.005656242370605469
193,929,0.0009732246398925781
193,5653,0.0011627674102783203
193,9270,0.0019350051879882812
193,12913,0.0022499561309814453
193,17544,0.003031015396118164
194,951,0.0006320476531982422
194,5597,0.0017364025115966797
194,9378,0.0018181800842285156
194,12969,0.002289295196533203
194,17764,0.0032804012298583984
195,978,0.0009291172027587891
195,5571,0.0022873878479003906
195,9374,0.0020475387573242188
195,13226,0.0022711753845214844
195,17949,0.0030364990234375
196,938,0.0006031990051269531
196,5789,0.0011911392211914062
196,9516,0.0017542839050292969
196,13322,0.0022420883178710938
196,18137,0.00400543212890625
197,959,0.0005104541778564453
197,5725,0.0013191699981689453
197,9591,0.0016486644744873047
197,13531,0.0023241043090820312
197,18323,0.0030188560485839844
198,942,0.0008432865142822266
198,5828,0.0011317729949951172
198,9672,0.001814126968383789
198,13743,0.002283334732055664
198,18573,0.003401517868041992
199,958,0.0006067752838134766
199,5963,0.0013124942779541016
199,9797,0.0017664432525634766
199,13742,0.0024154186248779297
199,18725,0.003042936325073242
200,1000,0.0006229877471923828
200,5926,0.0012524127960205078
200,9977,0.0017046928405761719
200,13949,0.002376079559326172
200,18909,0.003052234649658203
201,974,0.0008180141448974609
201,6070,0.001142263412475586
201,9989,0.0017197132110595703
201,14118,0.002337932586669922
201,19074,0.0031774044036865234
202,1026,0.0007641315460205078
202,6078,0.0012011528015136719
202,10125,0.001875162124633789
202,14237,0.002362966537475586
202,19314,0.0031604766845703125
203,985,0.0005617141723632812
203,6187,0.0013120174407958984
203,10263,0.0018727779388427734
203,14437,0.002428293228149414
203,19461,0.003289937973022461
204,1037,0.0007195472717285156
204,6257,0.0012078285217285156
204,10343,0.0019252300262451172
204,14405,0.0026388168334960938
204,19701,0.003643512725830078
205,1116,0.0006694793701171875
205,6205,0.0013074874877929688
205,10360,0.0018544197082519531
205,14599,0.0025742053985595703
205,19899,0.003483295440673828
206,1026,0.0005373954772949219
206,6271,0.0012867450714111328
206,10702,0.0018777847290039062
206,14723,0.002620220184326172
206,20022,0.0033693313598632812
207,1141,0.0006151199340820312
207,6430,0.0013279914855957031
207,10653,0.0018312931060791016
207,14933,0.0025315284729003906
207,20275,0.0033571720123291016
208,1126,0.0006518363952636719
208,6486,0.0013010501861572266
208,10703,0.0019960403442382812
208,15145,0.0027115345001220703
208,20487,0.0034227371215820312
209,1193,0.0010268688201904297
209,6430,0.0013802051544189453
209,10800,0.0019850730895996094
209,15187,0.0026361942291259766
209,20647,0.0044367313385009766
210,1046,0.0006818771362304688
210,6684,0.0012543201446533203
210,10965,0.0018777847290039062
210,15269,0.0026514530181884766
210,20798,0.003590822219848633
211,1107,0.0006127357482910156
211,6752,0.0012714862823486328
211,11196,0.0019261837005615234
211,15499,0.002701997756958008
211,21160,0.0037398338317871094
212,1088,0.0005941390991210938
212,6835,0.0014193058013916016
212,10995,0.0019443035125732422
212,15636,0.0040624141693115234
212,21263,0.0037078857421875
213,1153,0.0006456375122070312
213,6749,0.002694368362426758
213,11265,0.003680706024169922
213,15833,0.0039942264556884766
213,21418,0.0035703182220458984
214,1182,0.0006377696990966797
214,6738,0.0015106201171875
214,11506,0.002184629440307617
214,15902,0.005538463592529297
214,21612,0.006308794021606445
215,1172,0.0007691383361816406
215,6963,0.0018682479858398438
215,11431,0.0025005340576171875
215,16008,0.00313568115234375
215,21867,0.0036568641662597656
216,1126,0.0007100105285644531
216,6985,0.0013730525970458984
216,11597,0.0020236968994140625
216,16416,0.00272369384765625
216,22048,0.0036497116088867188
217,1170,0.0006618499755859375
217,7002,0.0013706684112548828
217,11797,0.002612590789794922
217,16228,0.0027942657470703125
217,22246,0.0039043426513671875
218,1218,0.0006840229034423828
218,7012,0.0013680458068847656
218,11925,0.0020837783813476562
218,16581,0.0028755664825439453
218,22473,0.0038709640502929688
219,1208,0.0007190704345703125
219,7212,0.0015964508056640625
219,11987,0.0021409988403320312
219,16808,0.002745389938354492
219,22721,0.003735780715942383
220,1212,0.0006554126739501953
220,7176,0.001382589340209961
220,12146,0.0023016929626464844
220,16903,0.002967357635498047
220,22888,0.006991386413574219
221,1179,0.0013346672058105469
221,7245,0.002291440963745117
221,12183,0.0027828216552734375
221,17027,0.0037996768951416016
221,23064,0.003801107406616211
222,1226,0.0006706714630126953
222,7340,0.0014328956604003906
222,12269,0.0021233558654785156
222,17124,0.0028171539306640625
222,23266,0.0038242340087890625
223,1243,0.0008440017700195312
223,7419,0.0013875961303710938
223,12371,0.002136707305908203
223,17213,0.0028662681579589844
223,23447,0.003962993621826172
224,1242,0.0008826255798339844
224,7509,0.0014679431915283203
224,12434,0.0022122859954833984
224,17492,0.002943277359008789
224,23733,0.0039789676666259766
225,1238,0.0006232261657714844
225,7655,0.0016028881072998047
225,12545,0.002247333526611328
225,17644,0.0030684471130371094
225,23918,0.0039196014404296875
226,1236,0.0013890266418457031
226,7704,0.0015766620635986328
226,12728,0.0022287368774414062
226,17751,0.003863096237182617
226,24124,0.00413823127746582
227,1338,0.0006628036499023438
227,7800,0.0015385150909423828
227,12760,0.002227306365966797
227,17979,0.0029973983764648438
227,24360,0.0042073726654052734
228,1307,0.0006601810455322266
228,7700,0.0016293525695800781
228,13002,0.002404928207397461
228,18053,0.0030362606048583984
228,24522,0.004151344299316406
229,1262,0.0008499622344970703
229,7810,0.0016171932220458984
229,12969,0.002389192581176758
229,18250,0.0030782222747802734
229,24790,0.004059314727783203
230,1353,0.0006992816925048828
230,7922,0.001600027084350586
230,13260,0.0023148059844970703
230,18317,0.0031239986419677734
230,25003,0.004111051559448242
231,1394,0.0009534358978271484
231,7929,0.0015592575073242188
231,13173,0.00238800048828125
231,18574,0.003133058547973633
231,25255,0.004494667053222656
232,1358,0.0008020401000976562
232,7975,0.0015342235565185547
232,13317,0.0024564266204833984
232,18729,0.0031778812408447266
232,25443,0.004228830337524414
233,1315,0.0007359981536865234
233,8086,0.0016624927520751953
233,13570,0.002309560775756836
233,18948,0.0032258033752441406
233,25656,0.004294395446777344
234,1359,0.0006725788116455078
234,8202,0.0015819072723388672
234,13504,0.0023584365844726562
234,19003,0.0032536983489990234
234,25883,0.004358768463134766
235,1496,0.0009324550628662109
235,8189,0.001512289047241211
235,13904,0.002378702163696289
235,19229,0.0031452178955078125
235,26156,0.004402637481689453
236,1363,0.0007424354553222656
236,8226,0.001768350601196289
236,13768,0.0025177001953125
236,19419,0.0032036304473876953
236,26386,0.004542827606201172
237,1352,0.0006916522979736328
237,8444,0.001771688461303711
237,13995,0.0024826526641845703
237,19666,0.0036344528198242188
237,26522,0.00455474853515625
238,1382,0.0008594989776611328
238,8450,0.0016536712646484375
238,14106,0.0025441646575927734
238,19739,0.0034439563751220703
238,26823,0.004540920257568359
239,1421,0.0009217262268066406
239,8459,0.0016200542449951172
239,14224,0.002475738525390625
239,19901,0.003390789031982422
239,27024,0.004743814468383789
240,1433,0.0007846355438232422
240,8747,0.0017361640930175781
240,14324,0.002738475799560547
240,20131,0.0035371780395507812
240,27212,0.004748106002807617
241,1345,0.0007069110870361328
241,8649,0.0015950202941894531
241,14502,0.0025441646575927734
241,20217,0.0035247802734375
241,27428,0.004636287689208984
242,1389,0.000762939453125
242,8908,0.0015752315521240234
242,14496,0.002560853958129883
242,20398,0.0035190582275390625
242,27651,0.004944801330566406
243,1534,0.0008554458618164062
243,8835,0.0017502307891845703
243,14675,0.0032372474670410156
243,20677,0.003610372543334961
243,27903,0.004725456237792969
244,1484,0.0009043216705322266
244,9010,0.001714944839477539
244,14885,0.0024673938751220703
244,20712,0.0036704540252685547
244,28174,0.004772186279296875
245,1487,0.0007905960083007812
245,8992,0.0016906261444091797
245,14753,0.002557992935180664
245,21035,0.0037238597869873047
245,28374,0.005017995834350586
246,1539,0.0007233619689941406
246,9150,0.0018291473388671875
246,15102,0.002749919891357422
246,21107,0.003742694854736328
246,28667,0.005247592926025391
247,1557,0.0007443428039550781
247,9156,0.001695871353149414
247,15198,0.0027358531951904297
247,21410,0.003902435302734375
247,28857,0.004905223846435547
248,1611,0.0008745193481445312
248,9175,0.0018475055694580078
248,15365,0.0028901100158691406
248,21431,0.005397796630859375
248,29073,0.0059812068939208984
249,1483,0.0008573532104492188
249,9103,0.001997232437133789
249,15355,0.0031881332397460938
249,21754,0.003721952438354492
249,29272,0.004914522171020508
250,1527,0.0007104873657226562
250,9362,0.0018117427825927734
250,15645,0.0027282238006591797
250,21772,0.003688812255859375
250,29478,0.005044221878051758
251,1654,0.0008101463317871094
251,9412,0.0022552013397216797
251,15653,0.002734661102294922
251,21907,0.0037949085235595703
251,29785,0.004961252212524414
252,1610,0.0009453296661376953
252,9433,0.0017483234405517578
252,15898,0.0028944015502929688
252,22246,0.003754138946533203
252,30011,0.005190610885620117
253,1592,0.0007359981536865234
253,9589,0.0018143653869628906
253,15894,0.002775907516479492
253,22444,0.0038182735443115234
253,30295,0.005121469497680664
254,1667,0.0008695125579833984
254,9736,0.0018641948699951172
254,16045,0.0029642581939697266
254,22574,0.003803253173828125
254,30573,0.005404949188232422
255,1582,0.0008733272552490234
255,9755,0.0017790794372558594
255,16152,0.0027532577514648438
255,22600,0.0038521289825439453
255,30738,0.005555629730224609
256,1634,0.0007863044738769531
256,9821,0.001806497573852539
256,16404,0.002778768539428711
256,22785,0.003858804702758789
256,31023,0.00533294677734375
257,1630,0.0009214878082275391
257,9770,0.001850128173828125
257,16378,0.0029535293579101562
257,23030,0.0039403438568115234
257,31239,0.005319356918334961
258,1675,0.0008475780487060547
258,9938,0.001932382583618164
258,16462,0.0029168128967285156
258,23140,0.0039370059967041016
258,31526,0.00542902946472168
259,1654,0.0007481575012207031
259,10040,0.001959562301635742
259,16826,0.002920389175415039
259,23353,0.00601649284362793
259,31739,0.005465269088745117
260,1680,0.0009107589721679688
260,10185,0.002126455307006836
260,16826,0.0031189918518066406
260,23523,0.004194736480712891
260,31977,0.005387783050537109
261,1671,0.0008330345153808594
261,10109,0.001905202865600586
261,16941,0.002919912338256836
261,23621,0.003975391387939453
261,32199,0.005548715591430664
262,1701,0.0017132759094238281
262,10128,0.0018825531005859375
262,17237,0.0030570030212402344
262,23966,0.004171133041381836
262,32509,0.005537271499633789
263,1679,0.0018413066864013672
263,10363,0.0018987655639648438
263,17222,0.0029556751251220703
263,24088,0.0052607059478759766
263,32663,0.0057299137115478516
264,1742,0.0008795261383056641
264,10422,0.002352476119995117
264,17360,0.0029489994049072266
264,24411,0.004328012466430664
264,33008,0.0057163238525390625
265,1728,0.0008237361907958984
265,10283,0.0019521713256835938
265,17551,0.003139019012451172
265,24409,0.004460573196411133
265,33211,0.0057506561279296875
266,1796,0.0012059211730957031
266,10515,0.0021288394927978516
266,17688,0.003107309341430664
266,24757,0.004230976104736328
266,33471,0.005752086639404297
267,1743,0.0008366107940673828
267,10709,0.002033710479736328
267,17793,0.0031120777130126953
267,24802,0.004232883453369141
267,33786,0.005766391754150391
268,1737,0.0009186267852783203
268,10660,0.00205230712890625
268,17924,0.0032052993774414062
268,25059,0.004277229309082031
268,34012,0.005704164505004883
269,1842,0.0009365081787109375
269,10825,0.002016782760620117
269,18162,0.0031654834747314453
269,25028,0.00445103645324707
269,34260,0.0062334537506103516
270,1747,0.0009584426879882812
270,10920,0.0021305084228515625
270,18142,0.003179311752319336
270,25478,0.004811525344848633
270,34547,0.0063495635986328125
271,1880,0.0009336471557617188
271,10965,0.002496957778930664
271,18440,0.003480672836303711
271,25656,0.004494667053222656
271,34721,0.005899190902709961
272,1857,0.0008673667907714844
272,11146,0.0021245479583740234
272,18425,0.0032045841217041016
272,25753,0.00457453727722168
272,35000,0.006121158599853516
273,1794,0.0008418560028076172
273,11074,0.002071380615234375
273,18514,0.003261089324951172
273,25933,0.0044214725494384766
273,35235,0.00950479507446289
274,1924,0.0008311271667480469
274,11241,0.0020847320556640625
274,18889,0.0033059120178222656
274,26311,0.005071878433227539
274,35539,0.006082057952880859
275,1861,0.001001596450805664
275,11265,0.0021152496337890625
275,18759,0.003625154495239258
275,26148,0.004627704620361328
275,35759,0.0065839290618896484
276,1838,0.0011775493621826172
276,11473,0.0022726058959960938
276,18853,0.0034704208374023438
276,26431,0.005158662796020508
276,36061,0.007722139358520508
277,1918,0.0015535354614257812
277,11485,0.0022821426391601562
277,19087,0.004547595977783203
277,26699,0.005135297775268555
277,36271,0.006714344024658203
278,1927,0.0012462139129638672
278,11674,0.002388477325439453
278,19150,0.003427267074584961
278,26981,0.005362272262573242
278,36600,0.006683826446533203
279,2005,0.0009181499481201172
279,11493,0.002245187759399414
279,19499,0.003431081771850586
279,27302,0.0048694610595703125
279,36824,0.007598161697387695
280,1997,0.0011944770812988281
280,11721,0.0022754669189453125
280,19581,0.003425121307373047
280,27272,0.00473785400390625
280,37111,0.006352901458740234
281,1920,0.0021212100982666016
281,11764,0.002374410629272461
281,19575,0.003694772720336914
281,27668,0.006409645080566406
281,37364,0.0063495635986328125
282,1990,0.0011858940124511719
282,11993,0.0023496150970458984
282,19976,0.003461122512817383
282,27815,0.0049245357513427734
282,37681,0.006475687026977539
283,1984,0.0009353160858154297
283,11925,0.0022325515747070312
283,19877,0.0036725997924804688
283,28114,0.004779815673828125
283,37982,0.010436534881591797
284,2025,0.0010020732879638672
284,11950,0.0022945404052734375
284,20010,0.003711223602294922
284,28151,0.005143642425537109
284,38191,0.0069484710693359375
285,1982,0.0009815692901611328
285,12195,0.002512693405151367
285,20283,0.003854036331176758
285,28300,0.005170106887817383
285,38522,0.006697654724121094
286,2016,0.0009024143218994141
286,12003,0.0023512840270996094
286,20240,0.006601572036743164
286,28566,0.009570837020874023
286,38766,0.006513833999633789
287,2123,0.0009722709655761719
287,12266,0.0024967193603515625
287,20564,0.003774881362915039
287,28682,0.005034923553466797
287,39022,0.006613016128540039
288,2073,0.0010221004486083984
288,12256,0.0024080276489257812
288,20772,0.003775358200073242
288,28866,0.0052032470703125
288,39246,0.006814241409301758
289,2061,0.0010831356048583984
289,12525,0.0024335384368896484
289,20817,0.003751993179321289
289,29182,0.00515294075012207
289,39527,0.010026693344116211
290,2170,0.0011970996856689453
290,12401,0.004699230194091797
290,20913,0.004151582717895508
290,29222,0.005794525146484375
290,39774,0.007178544998168945
291,2193,0.0009148120880126953
291,12496,0.0023894309997558594
291,21167,0.0036597251892089844
291,29443,0.005278825759887695
291,40096,0.006913661956787109
292,2166,0.0016405582427978516
292,12844,0.0024483203887939453
292,21230,0.0037708282470703125
292,29760,0.005516767501831055
292,40315,0.007040262222290039
293,2141,0.0011153221130371094
293,12896,0.002368450164794922
293,21354,0.0038661956787109375
293,30005,0.005181789398193359
293,40639,0.0070323944091796875
294,2207,0.0012030601501464844
294,12994,0.0024945735931396484
294,21544,0.003692150115966797
294,30197,0.005284786224365234
294,40958,0.0070667266845703125
295,2191,0.001041412353515625
295,12994,0.0024971961975097656
295,21614,0.003757476806640625
295,30346,0.00543212890625
295,41222,0.007323741912841797
296,2191,0.0010733604431152344
296,13011,0.0023887157440185547
296,21874,0.003874063491821289
296,30458,0.005455493927001953
296,41477,0.0073168277740478516
297,2224,0.0010876655578613281
297,13119,0.002498626708984375
297,21888,0.0040051937103271484
297,30821,0.005398273468017578
297,41807,0.0072290897369384766
298,2225,0.0009298324584960938
298,13243,0.002499818801879883
298,22213,0.0038862228393554688
298,30830,0.005558967590332031
298,42054,0.007498979568481445
299,2180,0.0010347366333007812
299,13397,0.002821683883666992
299,22205,0.004022121429443359
299,31013,0.005475521087646484
299,42305,0.00739741325378418
300,2218,0.0009753704071044922
300,13372,0.0027267932891845703
300,22322,0.003983259201049805
300,31389,0.0055773258209228516
300,42605,0.0073969364166259766
301,2325,0.0012025833129882812
301,13554,0.002753019332885742
301,22449,0.004012107849121094
301,31558,0.005452871322631836
301,42874,0.0073833465576171875
302,2287,0.0010805130004882812
302,13590,0.002605438232421875
302,22508,0.004017829895019531
302,31863,0.005491971969604492
302,43185,0.007570505142211914
303,2277,0.001199960708618164
303,13643,0.0025243759155273438
303,22620,0.004070758819580078
303,32045,0.0059549808502197266
303,43481,0.007491350173950195
304,2272,0.002160310745239258
304,13822,0.0028040409088134766
304,23014,0.0042912960052490234
304,32149,0.00567317008972168
304,43774,0.007646322250366211
305,2326,0.0010042190551757812
305,13971,0.0026841163635253906
305,23009,0.0040323734283447266
305,32490,0.005842685699462891
305,44115,0.008019447326660156
306,2389,0.0010883808135986328
306,13985,0.0026078224182128906
306,23495,0.004255771636962891
306,32761,0.005806684494018555
306,44386,0.00781559944152832
307,2352,0.001234292984008789
307,14249,0.0026123523712158203
307,23461,0.00417017936706543
307,32870,0.005767107009887695
307,44575,0.007708072662353516
308,2432,0.0012392997741699219
308,14146,0.002864837646484375
308,23536,0.004287004470825195
308,32831,0.0057430267333984375
308,44928,0.007789134979248047
309,2404,0.0012652873992919922
309,14164,0.002805471420288086
309,23835,0.0046193599700927734
309,33421,0.009372472763061523
309,45203,0.010854482650756836
310,2480,0.0013508796691894531
310,14473,0.0031914710998535156
310,23990,0.005219221115112305
310,33661,0.005789041519165039
310,45497,0.008109807968139648
311,2449,0.0015323162078857422
311,14455,0.0028061866760253906
311,24258,0.0064351558685302734
311,33711,0.006039857864379883
311,45802,0.00808572769165039
312,2446,0.0011661052703857422
312,14653,0.0027990341186523438
312,24339,0.004393815994262695
312,34012,0.006309986114501953
312,46100,0.00804591178894043
313,2459,0.0012066364288330078
313,14825,0.0028526782989501953
313,24381,0.0044863224029541016
313,34067,0.0059871673583984375
313,46439,0.00852346420288086
314,2398,0.0012068748474121094
314,14997,0.0028486251831054688
314,24705,0.004740476608276367
314,34256,0.0059397220611572266
314,46704,0.008340835571289062
315,2501,0.0013086795806884766
315,15072,0.002930879592895508
315,24524,0.004324913024902344
315,34625,0.006059408187866211
315,46978,0.013061761856079102
316,2559,0.002420186996459961
316,14911,0.004801511764526367
316,24995,0.007687568664550781
316,34722,0.009710311889648438
316,47280,0.009896993637084961
317,2552,0.0011608600616455078
317,14950,0.0029184818267822266
317,25145,0.004672050476074219
317,34987,0.006309032440185547
317,47647,0.009038686752319336
318,2559,0.0012238025665283203
318,15091,0.002858400344848633
318,25223,0.005556821823120117
318,35312,0.006197214126586914
318,47858,0.011732816696166992
319,2555,0.0013794898986816406
319,15114,0.003103494644165039
319,25278,0.0048830509185791016
319,35373,0.0070803165435791016
319,48126,0.008831024169921875
320,2601,0.0011086463928222656
320,15235,0.002877473831176758
320,25447,0.005156517028808594
320,35630,0.006473064422607422
320,48521,0.008484840393066406
321,2603,0.0010745525360107422
321,15470,0.002922534942626953
321,25677,0.004726409912109375
321,36067,0.006268024444580078
321,48798,0.008618354797363281
322,2621,0.0012054443359375
322,15639,0.0032172203063964844
322,25746,0.0046694278717041016
322,36202,0.006850719451904297
322,49162,0.008612632751464844
323,2635,0.0013074874877929688
323,15651,0.002906322479248047
323,25872,0.004648447036743164
323,36320,0.006415367126464844
323,49419,0.008733987808227539
324,2652,0.0012183189392089844
324,15659,0.0030541419982910156
324,26149,0.00463414192199707
324,36705,0.00650477409362793
324,49688,0.008742570877075195
325,2540,0.0010912418365478516
325,15703,0.002955913543701172
325,26283,0.005162239074707031
325,36830,0.006379365921020508
325,50030,0.009104013442993164
326,2772,0.0015797615051269531
326,16046,0.0031821727752685547
326,26432,0.004988431930541992
326,37155,0.006615161895751953
326,50399,0.008972406387329102
327,2641,0.0011701583862304688
327,15853,0.0033714771270751953
327,26519,0.004979848861694336
327,37323,0.007976055145263672
327,50606,0.016225576400756836
328,2660,0.001486063003540039
328,15899,0.0031108856201171875
328,26625,0.005759477615356445
328,37591,0.006752490997314453
328,50961,0.008939266204833984
329,2715,0.0012390613555908203
329,16241,0.003196239471435547
329,27008,0.0049631595611572266
329,37720,0.006762981414794922
329,51321,0.009958744049072266
330,2765,0.001348257064819336
330,16218,0.007108211517333984
330,27310,0.005083322525024414
330,37886,0.007541179656982422
330,51556,0.009433984756469727
331,2651,0.0011310577392578125
331,16326,0.0032896995544433594
331,27244,0.004882097244262695
331,38417,0.007165193557739258
331,52015,0.009309053421020508
332,2704,0.0013420581817626953
332,16339,0.0031561851501464844
332,27435,0.005005836486816406
332,38394,0.009431600570678711
332,52151,0.00915670394897461
333,2662,0.0012958049774169922
333,16578,0.0032608509063720703
333,27508,0.004988431930541992
333,38625,0.0067751407623291016
333,52518,0.009414196014404297
334,2831,0.00125885009765625
334,16621,0.003195524215698242
334,27919,0.0052089691162109375
334,38921,0.00721287727355957
334,52793,0.009330511093139648
335,2778,0.0012941360473632812
335,16640,0.0030939579010009766
335,27838,0.0052776336669921875
335,39246,0.006960630416870117
335,53157,0.014442205429077148
336,2828,0.0016713142395019531
336,16835,0.0032532215118408203
336,28027,0.005284547805786133
336,39300,0.007007598876953125
336,53437,0.009460210800170898
337,2891,0.0015697479248046875
337,17215,0.0032405853271484375
337,28521,0.005178689956665039
337,39721,0.011256217956542969
337,53875,0.016081809997558594
338,2862,0.001817464828491211
338,17162,0.003789186477661133
338,28464,0.005702495574951172
338,39810,0.007607221603393555
338,54080,0.009476900100708008
339,2781,0.0011975765228271484
339,17260,0.003581523895263672
339,28600,0.011025428771972656
339,40171,0.011910438537597656
339,54522,0.016167402267456055
340,2962,0.0012722015380859375
340,17186,0.003267526626586914
340,28802,0.0052814483642578125
340,40373,0.014068841934204102
340,54730,0.009689092636108398
341,2867,0.0015716552734375
341,17319,0.0032372474670410156
341,29053,0.005245208740234375
341,40720,0.013020515441894531
341,55123,0.009929895401000977
342,2996,0.0018262863159179688
342,17368,0.0034644603729248047
342,29101,0.005360126495361328
342,40996,0.007413148880004883
342,55358,0.009955406188964844
343,2836,0.0016226768493652344
343,17723,0.003366708755493164
343,29284,0.0052356719970703125
343,41002,0.007473468780517578
343,55704,0.01050424575805664
344,2932,0.0012843608856201172
344,17640,0.004542827606201172
344,29497,0.0055446624755859375
344,41282,0.007641792297363281
344,56009,0.009925603866577148
345,2871,0.001233816146850586
345,17864,0.003428220748901367
345,29551,0.005423545837402344
345,41576,0.01263117790222168
345,56457,0.019554615020751953
346,3002,0.0018029212951660156
346,17890,0.0033707618713378906
346,30006,0.005496025085449219
346,41762,0.008011341094970703
346,56789,0.014716386795043945
347,2977,0.001346588134765625
347,18154,0.003631591796875
347,30022,0.005522251129150391
347,41965,0.0076274871826171875
347,57079,0.010144710540771484
348,2996,0.0013561248779296875
348,18161,0.0032792091369628906
348,30261,0.005593299865722656
348,42571,0.007835149765014648
348,57368,0.010072946548461914
349,3063,0.0012941360473632812
349,18290,0.003432035446166992
349,30365,0.0054967403411865234
349,42387,0.007477521896362305
349,57720,0.010342836380004883
350,3118,0.001318216323852539
350,18241,0.0036156177520751953
350,30656,0.005857706069946289
350,42746,0.007817983627319336
350,57989,0.010500192642211914
351,3106,0.0013911724090576172
351,18345,0.003609895706176758
351,30470,0.005986690521240234
351,42995,0.00773167610168457
351,58284,0.011133909225463867
352,3075,0.001310110092163086
352,18399,0.0034990310668945312
352,30956,0.005834817886352539
352,43099,0.009288787841796875
352,58719,0.01737356185913086
353,3059,0.0019969940185546875
353,18742,0.0037212371826171875
353,31026,0.010678529739379883
353,43499,0.008099555969238281
353,59069,0.014114141464233398
354,3203,0.001737356185913086
354,18802,0.005273342132568359
354,31314,0.00959014892578125
354,43701,0.013518333435058594
354,59369,0.013489246368408203
355,3157,0.0028111934661865234
355,18712,0.003533601760864258
355,31399,0.0077362060546875
355,44241,0.008761882781982422
355,59729,0.010680198669433594
356,3152,0.001336812973022461
356,19174,0.0038869380950927734
356,31607,0.0060024261474609375
356,44129,0.008050918579101562
356,60007,0.010637760162353516
357,3178,0.0014379024505615234
357,19141,0.0036869049072265625
357,31701,0.005815982818603516
357,44414,0.007959365844726562
357,60402,0.011043310165405273
358,3272,0.0015912055969238281
358,19132,0.003678560256958008
358,31918,0.005787849426269531
358,44611,0.008110284805297852
358,60716,0.010845184326171875
359,3246,0.0014545917510986328
359,19176,0.0038607120513916016
359,31893,0.0059757232666015625
359,44917,0.007943153381347656
359,61161,0.010888099670410156
360,3310,0.001308441162109375
360,19308,0.0038161277770996094
360,32211,0.005945444107055664
360,45341,0.012648582458496094
360,61398,0.012148857116699219
361,3298,0.0014278888702392578
361,19608,0.01184701919555664
361,32677,0.010933637619018555
361,45581,0.013706445693969727
361,61671,0.011364459991455078
362,3209,0.0016574859619140625
362,19820,0.0037851333618164062
362,32657,0.0059397220611572266
362,45790,0.00815439224243164
362,62096,0.011368274688720703
363,3249,0.0015075206756591797
363,19598,0.0035974979400634766
363,32849,0.006119966506958008
363,46166,0.008300065994262695
363,62379,0.011407852172851562
364,3336,0.0014569759368896484
364,19880,0.0038428306579589844
364,32886,0.0059452056884765625
364,46294,0.008906364440917969
364,62793,0.01153111457824707
365,3293,0.0015552043914794922
365,19825,0.003834247589111328
365,33086,0.0060923099517822266
365,46613,0.008263826370239258
365,63172,0.011326074600219727
366,3312,0.0013806819915771484
366,20202,0.0037517547607421875
366,33247,0.006188392639160156
366,46847,0.00867462158203125
366,63477,0.01132512092590332
367,3262,0.0018498897552490234
367,20403,0.0041255950927734375
367,33596,0.011658906936645508
367,46926,0.009096145629882812
367,63734,0.028003215789794922
368,3337,0.0022628307342529297
368,20147,0.00797891616821289
368,33818,0.006783008575439453
368,47412,0.008571147918701172
368,64188,0.011641740798950195
369,3436,0.0014796257019042969
369,20179,0.003719329833984375
369,34076,0.0077931880950927734
369,47420,0.008634090423583984
369,64528,0.011627912521362305
370,3475,0.001405954360961914
370,20537,0.003930091857910156
370,33906,0.0064067840576171875
370,47760,0.008576393127441406
370,64813,0.01188516616821289
371,3383,0.001417398452758789
371,20626,0.003842592239379883
371,34293,0.006294965744018555
371,48223,0.00884866714477539
371,65202,0.012004852294921875
372,3460,0.001462697982788086
372,20683,0.003766775131225586
372,34274,0.006376028060913086
372,48397,0.009023189544677734
372,65526,0.01206064224243164
373,3462,0.0015947818756103516
373,20802,0.003960609436035156
373,34847,0.006404399871826172
373,48555,0.00876307487487793
373,65848,0.012224912643432617
374,3563,0.0015017986297607422
374,20883,0.007708072662353516
374,34642,0.0065765380859375
374,48842,0.009048700332641602
374,66247,0.012784004211425781
375,3624,0.0017423629760742188
375,20820,0.004029035568237305
375,34943,0.010814666748046875
375,49173,0.014816522598266602
375,66628,0.012164831161499023
376,3573,0.0013880729675292969
376,20927,0.004206180572509766
376,35567,0.00644683837890625
376,49267,0.008935928344726562
376,66918,0.013723373413085938
377,3515,0.0017590522766113281
377,21408,0.006723642349243164
377,35339,0.006397724151611328
377,49782,0.00944375991821289
377,67360,0.01449275016784668
378,3619,0.0019130706787109375
378,21325,0.004064083099365234
378,35517,0.006430625915527344
378,49793,0.009221076965332031
378,67603,0.012317419052124023
379,3538,0.0015158653259277344
379,21414,0.004158496856689453
379,35786,0.006644010543823242
379,50130,0.009505033493041992
379,68078,0.012550115585327148
380,3651,0.0013976097106933594
380,21787,0.0041637420654296875
380,36123,0.006684303283691406
380,50525,0.016887426376342773
380,68416,0.012603282928466797
381,3676,0.0015299320220947266
381,21692,0.0041484832763671875
381,36092,0.006643772125244141
381,51100,0.009671449661254883
381,68793,0.012573719024658203
382,3789,0.001603841781616211
382,21790,0.004299163818359375
382,36596,0.0073091983795166016
382,50992,0.009823083877563477
382,69113,0.013009071350097656
383,3618,0.0016400814056396484
383,21942,0.004371166229248047
383,36466,0.007946491241455078
383,51290,0.010549306869506836
383,69500,0.012635946273803711
384,3593,0.0016524791717529297
384,22033,0.004152774810791016
384,36843,0.006750583648681641
384,51364,0.009612321853637695
384,69877,0.013067245483398438
385,3681,0.0015726089477539062
385,22198,0.004194021224975586
385,37054,0.008882284164428711
385,51936,0.00940561294555664
385,70368,0.012727022171020508
386,3644,0.0014808177947998047
386,22284,0.004964351654052734
386,37226,0.0068798065185546875
386,52062,0.009691953659057617
386,70575,0.012901782989501953
387,3710,0.0016133785247802734
387,22293,0.004312038421630859
387,37722,0.007012367248535156
387,52113,0.00973367691040039
387,70868,0.012825965881347656
388,3856,0.001600503921508789
388,22467,0.0043163299560546875
388,37754,0.007011890411376953
388,52561,0.010055780410766602
388,71300,0.016400575637817383
389,3755,0.0016126632690429688
389,22749,0.0051021575927734375
389,37674,0.007227420806884766
389,52723,0.009889364242553711
389,71715,0.013309717178344727
390,3807,0.0015711784362792969
390,22772,0.004317522048950195
390,37774,0.006915092468261719
390,53063,0.012606143951416016
390,72018,0.01335000991821289
391,3802,0.001512765884399414
391,23034,0.0043697357177734375
391,38169,0.00732874870300293
391,53478,0.00970005989074707
391,72351,0.01384735107421875
392,3741,0.0016815662384033203
392,23178,0.004716396331787109
392,38180,0.008151531219482422
392,53804,0.00994253158569336
392,72756,0.013437747955322266
393,3853,0.001901865005493164
393,23074,0.0047016143798828125
393,38583,0.007035732269287109
393,54144,0.011024236679077148
393,73209,0.013182640075683594
394,3874,0.0015859603881835938
394,23482,0.008687257766723633
394,38650,0.008763790130615234
394,54397,0.01084136962890625
394,73603,0.020946025848388672
395,3740,0.0021712779998779297
395,23209,0.006919384002685547
395,38519,0.007297039031982422
395,54525,0.010191679000854492
395,73862,0.014365434646606445
396,3770,0.0018639564514160156
396,23455,0.004930257797241211
396,39092,0.012664556503295898
396,54677,0.010217666625976562
396,74242,0.01681351661682129
397,3937,0.003283977508544922
397,23306,0.004637241363525391
397,39406,0.007208108901977539
397,55204,0.010148048400878906
397,74568,0.018271446228027344
398,3921,0.0016028881072998047
398,23729,0.006057262420654297
398,39256,0.0077190399169921875
398,55284,0.012380838394165039
398,75046,0.017574548721313477
399,3890,0.0017290115356445312
399,23865,0.0048868656158447266
399,39652,0.007746219635009766
399,55531,0.010605335235595703
399,75397,0.013682126998901367
