2,1,38.65234375
5,5,38.67578125
5,6,38.69140625
5,7,38.6953125
5,8,38.703125
2,1,38.703125
2,1,38.703125
5,4,38.703125
6,12,38.73828125
6,14,38.75
4,2,38.75390625
7,9,38.75390625
7,11,38.75390625
7,12,38.75390625
7,20,38.7578125
8,9,38.7578125
8,13,38.7578125
8,18,38.7578125
8,28,38.7578125
2,1,38.7578125
8,7,38.7578125
9,20,38.7578125
9,22,38.765625
9,35,38.76953125
6,4,38.76953125
10,12,38.76953125
10,22,38.76953125
10,30,38.7734375
10,44,38.77734375
7,4,38.77734375
10,15,38.77734375
11,28,38.77734375
11,40,38.7890625
11,52,38.94921875
7,5,38.94921875
12,27,38.94921875
12,33,38.94921875
12,52,38.97265625
12,65,39.02734375
10,8,39.02734375
13,29,39.02734375
13,43,39.02734375
13,56,39.02734375
13,74,39.046875
10,7,39.046875
14,36,39.046875
14,44,39.046875
14,55,39.046875
14,89,39.05078125
4,2,39.05078125
15,36,39.05078125
15,59,39.05078125
15,70,39.05078125
15,100,39.05859375
9,6,39.05859375
16,35,39.05859375
16,66,39.05859375
16,93,39.0703125
16,115,39.07421875
8,4,39.07421875
17,48,39.07421875
17,66,39.07421875
17,101,39.07421875
17,127,39.08203125
11,9,39.08203125
18,46,39.08203125
18,72,39.08203125
18,107,39.09375
18,142,39.10546875
11,8,39.10546875
19,57,39.10546875
19,85,39.10546875
19,124,39.10546875
19,159,39.13671875
13,9,39.13671875
20,70,39.24609375
20,86,39.30078125
20,131,39.37109375
20,185,39.37890625
12,7,39.37890625
21,64,39.37890625
21,112,39.37890625
21,155,39.37890625
21,202,39.38671875
17,15,39.38671875
22,76,39.38671875
22,117,39.38671875
22,175,39.38671875
22,218,39.40234375
18,13,39.40234375
23,85,39.40234375
23,131,39.40234375
23,172,39.40234375
23,245,39.41015625
17,12,39.41015625
24,90,39.41015625
24,132,39.41015625
24,204,39.41796875
24,264,39.44921875
21,25,39.44921875
25,82,39.44921875
25,144,39.44921875
25,227,39.453125
25,291,39.71484375
18,13,39.47265625
26,114,39.47265625
26,160,39.47265625
26,236,39.484375
26,314,39.734375
24,19,39.484375
27,114,39.484375
27,170,39.51953125
27,234,39.734375
27,331,39.7421875
25,21,39.4921875
28,117,39.58984375
28,174,39.7421875
28,271,39.7421875
28,356,40.015625
23,21,39.765625
29,134,39.765625
29,176,39.76953125
29,268,39.76953125
29,384,39.88671875
16,16,39.88671875
30,114,39.88671875
30,202,40.0390625
30,298,40.05078125
30,410,40.3125
21,21,40.3125
31,155,40.3125
31,236,40.3125
31,308,40.3125
31,449,40.43359375
27,22,40.33203125
32,150,40.33203125
32,263,40.33203125
32,364,40.08203125
32,471,40.17578125
22,21,40.08203125
33,172,40.08203125
33,260,40.15234375
33,383,40.3671875
33,509,40.65234375
29,24,40.34765625
34,174,40.34765625
34,289,40.34765625
34,391,40.4765625
34,529,40.8046875
26,26,40.63671875
35,180,40.63671875
35,297,40.63671875
35,419,40.63671875
35,567,40.734375
32,33,40.734375
36,171,40.734375
36,306,40.91015625
36,443,40.9921875
36,602,41.37890625
28,28,41.12890625
37,201,41.12890625
37,336,41.17578125
37,463,41.17578125
37,630,41.33203125
30,23,40.83203125
38,228,40.94921875
38,353,40.94921875
38,477,40.91796875
38,667,41.046875
37,42,41.046875
39,237,41.19921875
39,357,41.19921875
39,525,41.3359375
39,714,41.61328125
36,43,41.22265625
40,208,40.97265625
40,413,40.97265625
40,544,41.19921875
40,737,41.46484375
34,47,41.234375
41,241,40.984375
41,406,40.984375
41,581,41.09375
41,783,41.4140625
36,45,41.4140625
42,261,41.421875
42,426,41.51171875
42,624,41.55078125
42,822,41.82421875
34,44,41.765625
43,271,41.515625
43,467,41.515625
43,636,41.73046875
43,867,41.8984375
39,48,41.8984375
44,279,42.015625
44,474,41.765625
44,655,41.8984375
44,908,42.26953125
41,47,42.26953125
45,276,42.26953125
45,492,42.01953125
45,689,42.0390625
45,939,42.546875
42,52,42.046875
46,299,42.046875
46,532,42.046875
46,722,42.19921875
46,984,42.45703125
44,55,41.796875
47,333,41.796875
47,566,41.796875
47,754,42.05078125
47,1028,42.36328125
43,62,42.390625
48,350,41.9375
48,570,41.9375
48,785,42.08984375
48,1076,42.42578125
45,56,42.4375
49,348,42.4375
49,594,42.4375
49,817,42.46484375
49,1110,42.6328125
47,60,42.3828125
50,347,42.1875
50,598,42.1875
50,862,42.37890625
50,1155,42.58203125
43,59,42.625
51,390,42.625
51,659,42.73046875
51,875,42.984375
51,1210,43.23046875
48,66,43.23046875
52,390,42.73046875
52,685,42.73046875
52,938,42.97265625
52,1274,43.2734375
52,64,42.7734375
53,418,42.5234375
53,692,42.2734375
53,976,42.5234375
53,1325,42.77734375
53,74,42.5234375
54,442,42.5234375
54,720,42.5234375
54,1014,42.69140625
54,1361,43.0234375
55,83,42.7734375
55,435,42.5234375
55,714,42.5234375
55,1057,42.7734375
55,1402,43.03125
53,73,42.28125
56,474,42.28125
56,781,42.40234375
56,1070,42.77734375
56,1460,43.08984375
55,85,42.58984375
57,465,42.58984375
57,818,42.83984375
57,1073,43.08984375
57,1513,43.33984375
54,78,43.08984375
58,500,43.08984375
58,816,43.08984375
58,1123,43.29296875
58,1566,43.58984375
54,77,43.08984375
59,499,42.58984375
59,847,42.69921875
59,1200,43.09375
59,1618,43.63671875
57,92,43.38671875
60,509,43.38671875
60,905,43.38671875
60,1244,43.63671875
60,1682,43.88671875
60,93,43.38671875
61,556,43.13671875
61,894,43.28515625
61,1272,43.63671875
61,1736,43.88671875
58,86,43.38671875
62,594,43.38671875
62,951,43.4375
62,1311,43.88671875
62,1768,44.13671875
60,84,43.63671875
63,611,43.13671875
63,960,43.38671875
63,1414,43.63671875
63,1838,43.95703125
61,103,43.20703125
64,592,43.20703125
64,1025,43.34375
64,1429,43.70703125
64,1911,43.45703125
63,107,42.95703125
65,653,42.95703125
65,1064,43.20703125
65,1461,43.70703125
65,1971,43.95703125
62,107,43.70703125
66,708,43.45703125
66,1083,43.70703125
66,1458,43.90234375
66,2047,44.25
64,120,44.0
67,649,44.0
67,1106,44.1875
67,1595,44.5
67,2104,44.9609375
66,138,44.2109375
68,701,44.2109375
68,1122,44.44140625
68,1625,44.7109375
68,2156,44.97265625
66,105,43.96484375
69,711,43.96484375
69,1134,43.9765625
69,1627,44.21484375
69,2225,44.71484375
66,129,43.96484375
70,716,43.96484375
70,1199,44.21484375
70,1681,44.46484375
70,2275,44.77734375
71,118,43.62109375
71,735,43.7578125
71,1252,43.98828125
71,1737,44.39453125
71,2354,45.2890625
70,107,43.7890625
72,756,42.98828125
72,1305,43.52734375
72,1784,44.15234375
72,2418,45.03515625
72,125,44.28515625
73,787,43.5234375
73,1353,43.7890625
73,1863,44.4609375
73,2523,45.05078125
73,129,44.55078125
74,819,43.78125
74,1360,44.02734375
74,1882,44.453125
74,2584,44.21484375
74,140,43.71484375
75,856,43.8046875
75,1409,44.3125
75,1911,44.71484375
75,2638,45.36328125
75,139,43.875
76,826,43.79296875
76,1427,44.34375
76,1997,44.7109375
76,2701,44.49609375
75,145,43.99609375
77,879,44.05078125
77,1490,44.578125
77,2103,45.46875
77,2766,45.375
78,164,44.140625
78,883,44.30078125
78,1512,44.84375
78,2061,45.45703125
78,2872,45.0
78,152,44.0
79,968,44.078125
79,1582,44.58984375
79,2097,45.46875
79,2919,44.9921875
79,166,44.4921875
80,923,44.55859375
80,1564,45.09375
80,2201,45.70703125
80,3018,46.47265625
81,156,45.72265625
81,983,45.72265625
81,1630,45.97265625
81,2271,46.22265625
81,3068,46.7421875
81,182,45.9921875
82,1020,45.4921875
82,1619,45.7421875
82,2317,45.9921875
82,3133,46.2421875
81,177,45.7421875
83,1042,45.4921875
83,1670,45.7421875
83,2404,45.9921875
83,3234,46.2734375
82,184,46.0234375
84,1028,45.7734375
84,1726,46.02734375
84,2445,46.2734375
84,3299,46.59375
83,180,45.09375
85,1088,45.09375
85,1796,45.34375
85,2488,45.84375
85,3384,45.84375
86,178,45.34375
86,1076,45.34375
86,1812,45.59375
86,2554,45.84375
86,3481,46.10546875
85,197,45.35546875
87,1125,45.35546875
87,1859,45.60546875
87,2577,45.85546875
87,3576,46.10546875
87,192,45.10546875
88,1146,44.85546875
88,1866,45.109375
88,2680,45.60546875
88,3629,45.625
88,199,45.375
89,1244,44.625
89,1974,44.875
89,2758,45.125
89,3719,45.7109375
90,191,45.4609375
90,1200,45.4609375
90,2038,45.7109375
90,2742,45.9609375
90,3805,46.2109375
90,217,45.4609375
91,1267,45.4609375
91,2020,45.7109375
91,2855,45.9609375
91,3891,45.97265625
92,188,45.72265625
92,1271,45.72265625
92,2130,46.22265625
92,2889,46.22265625
92,3965,46.47265625
93,204,45.97265625
93,1303,45.72265625
93,2099,45.97265625
93,2937,46.47265625
93,4047,46.23046875
94,211,45.48046875
94,1320,45.48046875
94,2187,45.73046875
94,3071,46.23046875
94,4162,45.78125
95,222,45.03125
95,1307,45.03125
95,2267,45.734375
95,3152,45.7578125
95,4250,46.140625
96,217,45.5078125
96,1403,45.2578125
96,2297,45.5078125
96,3219,45.78515625
96,4326,46.41796875
96,230,45.625
97,1445,45.890625
97,2296,46.125
97,3239,46.375
97,4438,46.953125
97,250,46.37890625
98,1390,45.87890625
98,2395,46.12890625
98,3318,46.1875
98,4525,47.0078125
99,239,45.9375
99,1429,45.6875
99,2389,45.9375
99,3407,46.44921875
99,4576,47.00390625
99,231,46.50390625
100,1464,46.73046875
100,2459,46.73046875
100,3468,47.23046875
100,4710,46.28125
101,240,44.53125
101,1495,44.78125
101,2576,45.390625
101,3509,45.85546875
101,4804,46.53125
100,266,45.28125
102,1537,45.53125
102,2583,46.140625
102,3625,46.37109375
102,4892,46.25
101,271,44.78125
103,1515,45.03125
103,2622,45.390625
103,3657,46.20703125
103,4979,46.33984375
104,244,45.78125
104,1655,46.28125
104,2652,46.90625
104,3756,47.2109375
104,5073,46.53125
105,308,45.78125
105,1602,45.78125
105,2758,46.39453125
105,3831,46.7109375
105,5164,46.8203125
103,261,45.5703125
106,1631,45.8203125
106,2814,46.41015625
106,3937,46.96484375
106,5286,46.99609375
107,271,46.03125
107,1711,45.28515625
107,2817,45.91015625
107,3923,46.72265625
107,5380,47.234375
108,279,46.28125
108,1784,46.03515625
108,2912,46.9765625
108,4029,47.48828125
108,5478,47.28125
109,304,46.53125
109,1757,46.03125
109,2941,46.73046875
109,4176,47.3046875
109,5583,47.36328125
110,304,46.82421875
110,1828,46.57421875
110,3014,47.22265625
110,4235,48.0546875
110,5697,47.57421875
110,312,46.57421875
111,1858,46.32421875
111,3060,46.9765625
111,4325,47.05859375
111,5817,47.07421875
112,307,46.07421875
112,1897,46.07421875
112,3135,46.9921875
112,4360,47.578125
112,5889,47.53125
112,281,46.03125
113,1899,45.53125
113,3234,46.265625
113,4385,47.34375
113,5997,47.10546875
114,317,46.28125
114,1816,46.28125
114,3209,47.23828125
114,4463,48.08984375
114,6119,48.03125
115,319,46.28125
115,1931,46.28125
115,3322,47.3359375
115,4531,48.4296875
115,6220,47.53125
116,306,46.28125
116,2036,45.78125
116,3353,46.578125
116,4604,47.6875
116,6358,47.1328125
116,316,45.828125
117,2110,45.47265625
117,3392,46.1015625
117,4731,46.04296875
117,6451,47.328125
118,321,47.078125
118,2082,46.72265625
118,3529,47.11328125
118,4869,46.78125
118,6563,47.83203125
119,349,46.33203125
119,2184,46.72265625
119,3609,47.61328125
119,4925,46.28125
119,6647,47.44140625
120,349,46.03125
120,2116,46.48046875
120,3608,47.11328125
120,5029,47.03125
120,6783,47.78125
121,368,46.78125
121,2184,46.73046875
121,3695,47.4609375
121,5083,48.40625
121,6888,48.08203125
121,348,46.78125
122,2150,46.98046875
122,3668,47.71484375
122,5148,47.3203125
122,6993,48.16796875
123,366,46.78125
123,2255,46.98046875
123,3763,47.71875
123,5254,47.53125
123,7124,48.8359375
123,375,47.3359375
124,2330,47.32421875
124,3813,47.98828125
124,5402,47.53125
124,7265,48.8359375
125,406,46.8359375
125,2319,47.30078125
125,3913,47.98046875
125,5396,47.28125
125,7336,48.5859375
126,437,47.8359375
126,2279,48.30859375
126,3938,48.72265625
126,5524,48.53125
126,7472,49.53125
127,429,47.53125
127,2358,47.82421875
127,4115,48.65234375
127,5610,47.82421875
127,7612,49.28125
128,409,48.03125
128,2417,47.8125
128,4049,48.5
128,5684,47.82421875
128,7718,48.78125
129,397,47.78125
129,2439,48.0625
129,4151,48.890625
129,5753,48.32421875
129,7869,49.40234375
130,411,47.65234375
130,2426,47.8125
130,4213,48.65234375
130,5923,48.03125
130,7979,49.33984375
131,424,47.33984375
131,2544,47.8203125
131,4247,48.91015625
131,5898,47.78125
131,8094,48.84375
132,423,48.34375
132,2599,48.921875
132,4421,49.5234375
132,6111,48.28125
132,8244,51.19921875
133,445,49.94921875
133,2602,49.94921875
133,4420,50.19921875
133,6125,50.5546875
133,8350,50.03125
134,440,48.53125
134,2691,48.921875
134,4430,50.0234375
134,6279,50.86328125
134,8449,50.28125
135,460,48.53125
135,2710,48.16796875
135,4402,49.01953125
135,6276,50.11328125
135,8577,49.78125
136,465,48.53125
136,2785,48.90625
136,4595,49.7890625
136,6396,50.87890625
136,8743,50.6640625
137,487,48.9140625
137,2762,48.92578125
137,4689,49.9140625
137,6508,50.6796875
137,8833,49.91796875
138,454,48.16796875
138,2818,48.42578125
138,4737,49.43359375
138,6600,50.34765625
138,8949,49.98828125
139,480,48.48828125
139,2920,49.0078125
139,4694,50.4921875
139,6764,51.3828125
139,9124,51.2421875
140,481,49.4921875
140,2997,49.98828125
140,4907,50.23828125
140,6906,51.1640625
140,9249,50.49609375
141,476,48.74609375
141,2878,49.18359375
141,4969,50.19921875
141,6889,50.90234375
141,9397,50.42578125
142,506,48.42578125
142,2967,48.75390625
142,4955,49.51953125
142,7001,50.91796875
142,9524,50.4296875
143,485,48.6796875
143,2958,49.00390625
143,5064,50.01953125
143,7087,50.97265625
143,9629,50.22265625
144,511,48.1796875
144,3108,48.515625
144,5181,49.5546875
144,7151,51.42578125
144,9768,50.68359375
145,513,47.68359375
145,3112,47.765625
145,5204,48.4296875
145,7276,49.97265625
145,9884,49.68359375
146,556,47.68359375
146,3097,48.0078125
146,5186,49.05859375
146,7404,50.99609375
146,10058,50.265625
147,567,48.765625
147,3259,48.87109375
147,5365,50.54296875
147,7522,51.9765625
147,10193,50.76953125
148,480,49.51953125
148,3317,50.109375
148,5477,51.53125
148,7659,52.48046875
148,10289,51.76953125
149,540,48.76953125
149,3273,49.609375
149,5542,50.796875
149,7693,51.984375
149,10492,51.02734375
150,529,48.77734375
150,3329,49.37109375
150,5570,50.56640625
150,7854,51.75
150,10577,50.6953125
151,595,48.9453125
151,3535,49.39453125
151,5664,50.58203125
151,7821,52.79296875
151,10771,51.94921875
152,598,49.44921875
152,3450,50.12109375
152,5826,51.58203125
152,7940,52.54296875
152,10881,51.875
153,586,49.875
153,3428,50.35546875
153,5800,51.30078125
153,8126,52.8046875
153,11042,51.87890625
154,585,49.87890625
154,3519,50.11328125
154,5904,51.46484375
154,8212,51.09375
154,11176,52.13671875
154,567,49.63671875
155,3500,50.09765625
155,5958,51.69921875
155,8344,51.10546875
155,11338,52.7265625
156,626,49.2265625
156,3585,49.6171875
156,6036,50.72265625
156,8442,50.1640625
156,11497,51.43359375
157,598,49.18359375
157,3717,48.76171875
157,6094,50.28515625
157,8495,49.67578125
157,11611,51.44921875
158,594,48.69921875
158,3769,49.23046875
158,6304,50.7890625
158,8623,50.1796875
158,11793,51.45703125
159,659,49.45703125
159,3745,49.73046875
159,6379,51.05078125
159,8782,50.68359375
159,11948,51.87109375
160,639,49.37109375
160,3774,49.76171875
160,6388,51.05078125
160,8917,50.859375
160,12107,52.1796875
161,594,50.1796875
161,3759,49.73828125
161,6472,51.04296875
161,8999,50.50390625
161,12223,51.6328125
162,626,49.1328125
162,3937,50.00390625
162,6602,51.48828125
162,9121,51.0078125
162,12363,52.63671875
163,650,50.13671875
163,3894,50.25390625
163,6575,51.078125
163,9164,50.7578125
163,12602,52.390625
164,666,49.390625
164,3999,50.01171875
164,6740,51.4921875
164,9276,51.26171875
164,12713,52.7421875
165,719,49.9921875
165,4020,50.265625
165,6803,51.49609375
165,9418,50.94140625
165,12877,52.70703125
166,681,50.45703125
166,4067,51.01953125
166,6828,52.4921875
166,9496,51.4453125
166,13002,53.4609375
167,719,51.2109375
167,4079,51.76953125
167,6874,53.2421875
167,9712,52.69921875
167,13157,54.97265625
168,748,51.97265625
168,4157,52.26171875
168,6952,53.23828125
168,9904,52.453125
168,13337,54.234375
169,710,52.234375
169,4249,52.76171875
169,7097,54.01953125
169,9942,52.203125
169,13496,53.38671875
170,731,50.63671875
170,4265,51.4765625
170,7263,52.24609375
170,10122,51.78125
170,13626,53.39453125
171,695,51.39453125
171,4350,52.50390625
171,7283,53.51171875
171,10105,53.28125
171,13758,54.65234375
172,736,52.15234375
172,4396,53.01171875
172,7264,54.01171875
172,10375,52.7890625
172,13992,54.1640625
173,758,51.1640625
173,4455,51.5234375
173,7396,51.796875
173,10431,51.2890625
173,14107,52.41796875
174,767,51.41796875
174,4517,52.265625
174,7547,53.484375
174,10596,52.71484375
174,14300,54.4296875
175,812,52.4296875
175,4474,53.0234375
175,7695,54.50390625
175,10662,53.46484375
175,14467,55.546875
176,745,52.046875
176,4551,52.2734375
176,7694,53.50390625
176,10695,52.71484375
176,14589,54.30078125
177,776,51.55078125
177,4754,52.40234375
177,7859,53.53125
177,10964,52.96875
177,14824,54.81640625
178,789,52.31640625
178,4770,53.171875
178,7804,54.26953125
178,10980,53.46875
178,14966,55.07421875
179,824,52.32421875
179,4811,51.92578125
179,7912,52.7734375
179,11160,52.22265625
179,15142,53.96875
180,786,51.96875
180,4912,52.6640625
180,8001,53.28515625
180,11177,52.72265625
180,15252,54.72265625
181,759,50.22265625
181,4940,50.93359375
181,8194,50.60546875
181,11471,52.00390625
181,15480,53.91796875
182,795,50.66796875
182,4963,51.8671875
182,8247,50.85546875
182,11588,52.5078125
182,15682,53.42578125
183,815,51.92578125
183,4994,52.6875
183,8396,51.29296875
183,11795,52.76953125
183,15787,53.9375
184,828,50.6875
184,5072,51.4296875
184,8431,50.79296875
184,11887,52.7734375
184,15930,53.94140625
185,849,51.44140625
185,5076,52.4140625
185,8367,51.04296875
185,11967,52.93359375
185,16198,54.58203125
186,862,52.57421875
186,5130,51.9453125
186,8572,50.79296875
186,12076,52.1875
186,16311,53.828125
187,865,51.578125
187,5252,52.59375
187,8780,51.1875
187,12241,53.13671875
187,16553,58.19921875
188,831,57.19921875
188,5331,56.69921875
188,8802,56.94921875
188,12338,58.2265625
188,16712,55.875
189,860,53.125
189,5220,52.859375
189,8762,54.796875
189,12411,57.47265625
189,16871,55.1328125
190,929,51.8828125
190,5404,52.35546875
190,9059,54.3203125
190,12540,56.73828125
190,17075,54.265625
191,871,51.765625
191,5475,52.60546875
191,8998,55.0703125
191,12715,57.4921875
191,17242,55.02734375
192,913,52.02734375
192,5544,52.359375
192,9149,55.32421875
192,12862,58.0078125
192,17423,55.5390625
193,929,51.5390625
193,5653,52.1171875
193,9270,55.33203125
193,12913,57.5390625
193,17544,55.546875
194,951,53.296875
194,5597,53.859375
194,9378,55.859375
194,12969,58.28125
194,17764,56.24609375
195,978,53.24609375
195,5571,53.859375
195,9374,55.84765625
195,13226,58.08203125
195,17949,56.1796875
196,938,52.9296875
196,5789,53.359375
196,9516,55.6015625
196,13322,58.140625
196,18137,56.078125
197,959,53.328125
197,5725,53.375
197,9591,56.09375
197,13531,58.92578125
197,18323,55.58984375
198,942,53.83984375
198,5828,54.3828125
198,9672,56.3671875
198,13743,58.94921875
198,18573,56.5078125
199,958,53.2578125
199,5963,54.28125
199,9797,56.609375
199,13742,59.70703125
199,18725,56.859375
200,1000,54.859375
200,5926,55.03125
200,9977,57.3828125
200,13949,60.234375
200,18909,58.0234375
201,974,54.7734375
201,6070,55.29296875
201,9989,57.3671875
201,14118,59.9921875
201,19074,57.4921875
202,1026,53.9921875
202,6078,55.06640625
202,10125,56.8828125
202,14237,59.515625
202,19314,57.6875
203,985,53.6875
203,6187,55.0703125
203,10263,57.62890625
203,14437,60.08984375
203,19461,57.10546875
204,1037,55.60546875
204,6257,56.3203125
204,10343,58.40625
204,14405,61.265625
204,19701,58.77734375
205,1116,54.859375
205,6205,55.54296875
205,10360,57.65625
205,14599,60.02734375
205,19899,57.953125
206,1026,55.453125
206,6271,55.8046875
206,10702,58.453125
206,14723,61.30078125
206,20022,58.125
207,1141,54.125
207,6430,55.26171875
207,10653,57.59765625
207,14933,60.36328125
207,20275,57.6328125
208,1126,54.8828125
208,6486,55.76171875
208,10703,57.83984375
208,15145,60.9921875
208,20487,58.296875
209,1193,54.296875
209,6430,55.08203125
209,10800,57.47265625
209,15187,60.2109375
209,20647,57.5625
210,1046,54.3125
210,6684,54.51171875
210,10965,57.9921875
210,15269,61.0
210,20798,58.06640625
211,1107,55.31640625
211,6752,56.5078125
211,11196,58.98828125
211,15499,62.01953125
211,21160,59.8359375
212,1088,56.3359375
212,6835,56.78515625
212,10995,59.01953125
212,15636,61.26953125
212,21263,58.046875
213,1153,55.546875
213,6749,56.27734375
213,11265,58.2421875
213,15833,61.28125
213,21418,58.52734375
214,1182,56.02734375
214,6738,56.77734375
214,11506,58.765625
214,15902,62.2890625
214,21612,59.48828125
215,1172,56.73828125
215,6963,57.00390625
215,11431,59.515625
215,16008,62.29296875
215,21867,59.171875
216,1126,55.671875
216,6985,56.03515625
216,11597,59.02734375
216,16416,56.60546875
216,22048,58.59765625
217,1170,55.59765625
217,7002,56.26953125
217,11797,59.3046875
217,16228,62.30078125
217,22246,59.77734375
218,1218,55.27734375
218,7012,56.04296875
218,11925,59.859375
218,16581,57.671875
218,22473,59.046875
219,1208,56.546875
219,7212,57.0390625
219,11987,59.859375
219,16808,58.14453125
219,22721,59.88671875
220,1212,56.88671875
220,7176,57.5390625
220,12146,60.09765625
220,16903,58.19140625
220,22888,60.328125
221,1179,57.078125
221,7245,57.27734375
221,12183,60.12890625
221,17027,57.7734375
221,23064,59.58203125
222,1226,57.58203125
222,7340,58.0703125
222,12269,60.640625
222,17124,58.52734375
222,23266,60.59375
223,1243,55.84375
223,7419,56.50390625
223,12371,60.16015625
223,17213,57.828125
223,23447,59.79296875
224,1242,57.04296875
224,7509,57.75390625
224,12434,60.16796875
224,17492,58.296875
224,23733,60.125
225,1238,57.875
225,7655,58.015625
225,12545,60.43359375
225,17644,58.3046875
225,23918,60.140625
226,1236,56.390625
226,7704,57.26171875
226,12728,60.41015625
226,17751,58.06640625
226,24124,59.72265625
227,1338,57.22265625
227,7800,58.28125
227,12760,61.171875
227,17979,59.57421875
227,24360,60.984375
228,1307,57.234375
228,7700,58.02734375
228,13002,61.19140625
228,18053,58.8359375
228,24522,60.5
229,1262,57.25
229,7810,58.0390625
229,12969,61.44921875
229,18250,59.48046875
229,24790,60.2578125
230,1353,58.0078125
230,7922,59.0390625
230,13260,61.73046875
230,18317,60.21875
230,25003,61.74609375
231,1394,59.24609375
231,7929,60.2734375
231,13173,62.45703125
231,18574,61.2265625
231,25255,62.7578125
232,1358,58.2578125
232,7975,59.03515625
232,13317,61.49609375
232,18729,59.515625
232,25443,61.05078125
233,1315,57.80078125
233,8086,58.54296875
233,13570,62.5703125
233,18948,60.03125
233,25656,61.3203125
234,1359,57.3203125
234,8202,58.7890625
234,13504,61.85546875
234,19003,59.28515625
234,25883,61.2734375
235,1496,58.7734375
235,8189,59.5546875
235,13904,62.59765625
235,19229,60.66015625
235,26156,62.80078125
236,1363,59.30078125
236,8226,59.8125
236,13768,62.58984375
236,19419,60.4140625
236,26386,62.30859375
237,1352,58.55859375
237,8444,60.046875
237,13995,63.12890625
237,19666,60.6796875
237,26522,62.328125
238,1382,57.828125
238,8450,59.8046875
238,14106,61.6171875
238,19739,59.43359375
238,26823,61.84375
239,1421,59.34375
239,8459,60.5546875
239,14224,63.3671875
239,19901,61.1953125
239,27024,62.609375
240,1433,58.859375
240,8747,60.5625
240,14324,63.3984375
240,20131,61.2109375
240,27212,62.66796875
241,1345,58.16796875
241,8649,60.046875
241,14502,63.15234375
241,20217,60.71875
241,27428,62.18359375
242,1389,58.43359375
242,8908,59.53125
242,14496,63.15625
242,20398,60.4765625
242,27651,61.78515625
243,1534,59.53515625
243,8835,61.55078125
243,14675,63.90625
243,20677,61.2421875
243,27903,63.3046875
244,1484,60.0546875
244,9010,62.0703125
244,14885,64.4453125
244,20712,62.90625
244,28174,73.33203125
245,1487,68.08203125
245,8992,68.08203125
245,14753,70.0
245,21035,71.25
245,28374,72.75390625
246,1539,68.50390625
246,9150,68.00390625
246,15102,69.50390625
246,21107,71.00390625
246,28667,72.2890625
247,1557,69.5390625
247,9156,69.0390625
247,15198,70.0390625
247,21410,71.0390625
247,28857,72.30859375
248,1611,69.30859375
248,9175,69.05859375
248,15365,70.80859375
248,21431,71.55859375
248,29073,73.0625
249,1483,69.5625
249,9103,70.0625
249,15355,69.8125
249,21754,72.0625
249,29272,73.0859375
250,1527,69.8359375
250,9362,70.0859375
250,15645,71.1015625
250,21772,72.5859375
250,29478,74.33984375
251,1654,70.58984375
251,9412,70.33984375
251,15653,70.83984375
251,21907,72.33984375
251,29785,73.10546875
252,1610,70.60546875
252,9433,70.60546875
252,15898,71.35546875
252,22246,72.85546875
252,30011,74.40625
253,1592,70.15625
253,9589,70.40625
253,15894,71.40625
253,22444,72.90625
253,30295,74.48828125
254,1667,71.48828125
254,9736,71.48828125
254,16045,71.98828125
254,22574,73.48828125
254,30573,69.78515625
255,1582,65.78515625
255,9755,65.03515625
255,16152,65.78125
255,22600,71.05859375
255,30738,68.78515625
256,1634,65.03515625
256,9821,65.28515625
256,16404,68.4453125
256,22785,72.08984375
256,31023,69.78515625
257,1630,66.03515625
257,9770,65.53515625
257,16378,66.7890625
257,23030,72.109375
257,31239,70.03515625
258,1675,67.28515625
258,9938,67.53515625
258,16462,69.44921875
258,23140,73.84765625
258,31526,71.53515625
259,1654,67.78515625
259,10040,67.78515625
259,16826,69.99609375
259,23353,73.875
259,31739,71.78515625
260,1680,67.78515625
260,10185,67.53515625
260,16826,69.78515625
260,23523,73.15234375
260,31977,70.53515625
261,1671,67.03515625
261,10109,67.03515625
261,16941,69.41796875
261,23621,73.3828125
261,32199,71.28515625
262,1701,66.78515625
262,10128,66.53515625
262,17237,69.94921875
262,23966,73.4765625
262,32509,71.28515625
263,1679,66.53515625
263,10363,66.53515625
263,17222,69.96484375
263,24088,73.0078125
263,32663,70.28515625
264,1742,66.78515625
264,10422,66.53515625
264,17360,69.48046875
264,24411,73.0859375
264,33008,74.5859375
265,1728,70.5859375
265,10283,70.5859375
265,17551,72.09765625
265,24409,73.62109375
265,33211,79.36328125
266,1796,75.61328125
266,10515,76.11328125
266,17688,76.6171875
266,24757,78.8671875
266,33471,79.1640625
267,1743,75.9140625
267,10709,75.9140625
267,17793,76.4140625
267,24802,78.17578125
267,33786,80.16796875
268,1737,77.16796875
268,10660,76.91796875
268,17924,77.41796875
268,25059,79.4453125
268,34012,81.26953125
269,1842,77.26953125
269,10825,77.26953125
269,18162,77.51953125
269,25028,79.76953125
269,34260,81.33203125
270,1747,76.83203125
270,10920,76.578125
270,18142,77.328125
270,25478,79.58984375
270,34547,81.93359375
271,1880,77.43359375
271,10965,77.93359375
271,18440,78.93359375
271,25656,80.9375
271,34721,82.703125
272,1857,78.453125
272,11146,78.703125
272,18425,79.203125
272,25753,81.46875
272,35000,82.96875
273,1794,77.46875
273,11074,77.46875
273,18514,78.96875
273,25933,80.22265625
273,35235,81.75390625
274,1924,78.75390625
274,11241,78.50390625
274,18889,79.00390625
274,26311,81.046875
274,35539,82.8359375
275,1861,79.0859375
275,11265,79.5859375
275,18759,79.8359375
275,26148,82.08984375
275,35759,84.08984375
276,1838,78.83984375
276,11473,78.83984375
276,18853,79.58984375
276,26431,82.08984375
276,36061,83.84375
277,1918,80.34375
277,11485,80.34375
277,19087,81.09375
277,26699,82.84765625
277,36271,84.36328125
278,1927,80.36328125
278,11674,80.61328125
278,19150,80.61328125
278,26981,83.21484375
278,36600,84.98828125
279,2005,79.73828125
279,11493,79.98828125
279,19499,80.23828125
279,27302,83.8984375
279,36824,84.9453125
280,1997,81.1875
280,11721,80.6875
280,19581,81.4375
280,27272,83.94921875
280,37111,86.203125
281,1920,81.203125
281,11764,80.953125
281,19575,81.453125
281,27668,83.73046875
281,37364,85.28125
282,1990,81.28125
282,11993,81.03125
282,19976,81.78125
282,27815,83.28515625
282,37681,84.78515625
283,1984,80.53515625
283,11925,80.78515625
283,19877,81.53515625
283,28114,84.0625
283,37982,86.078125
284,2025,80.078125
284,11950,80.328125
284,20010,81.33203125
284,28151,83.34375
284,38191,84.8984375
285,1982,80.8984375
285,12195,81.1484375
285,20283,82.1484375
285,28300,83.65234375
285,38522,85.5
286,2016,81.0
286,12003,80.25
286,20240,83.0
286,28566,84.0078125
286,38766,75.03515625
287,2123,70.78515625
287,12266,70.78515625
287,20564,75.1796875
287,28682,79.33203125
287,39022,75.78515625
288,2073,71.78515625
288,12256,71.53515625
288,20772,75.46875
288,28866,81.0859375
288,39246,77.03515625
289,2061,71.03515625
289,12525,71.28515625
289,20817,75.4609375
289,29182,80.1171875
289,39527,76.53515625
290,2170,72.53515625
290,12401,72.28515625
290,20913,74.95703125
290,29222,79.38671875
290,39774,75.78515625
291,2193,71.53515625
291,12496,71.78515625
291,21167,76.25
291,29443,81.4140625
291,40096,77.28515625
292,2166,72.28515625
292,12844,72.28515625
292,21230,75.79296875
292,29760,80.4375
292,40315,76.78515625
293,2141,71.53515625
293,12896,71.2890625
293,21354,76.3046875
293,30005,80.69140625
293,40639,76.78515625
294,2207,72.03515625
294,12994,72.53515625
294,21544,77.0859375
294,30197,81.4921875
294,40958,77.78515625
295,2191,72.28515625
295,12994,72.28515625
295,21614,76.83984375
295,30346,81.0390625
295,41222,77.28515625
296,2191,72.78515625
296,13011,73.28515625
296,21874,77.8515625
296,30458,83.0546875
296,41477,79.6015625
297,2224,75.3515625
297,13119,75.6015625
297,21888,79.0859375
297,30821,84.78125
297,41807,80.8515625
298,2225,74.1015625
298,13243,74.1015625
298,22213,78.125
298,30830,83.78515625
298,42054,78.60546875
299,2180,72.85546875
299,13397,73.10546875
299,22205,78.375
299,31013,83.08984375
299,42305,78.60546875
300,2218,74.10546875
300,13372,73.85546875
300,22322,77.62890625
300,31389,83.11328125
300,42605,78.109375
301,2325,73.859375
301,13554,74.109375
301,22449,78.1484375
301,31558,83.09375
301,42874,79.109375
302,2287,75.359375
302,13590,75.609375
302,22508,79.3984375
302,31863,84.8359375
302,43185,80.36328125
303,2277,74.61328125
303,13643,74.86328125
303,22620,78.40234375
303,32045,83.62109375
303,43481,79.03515625
304,2272,74.53515625
304,13822,74.28515625
304,23014,78.92578125
304,32149,83.875
304,43774,79.03515625
305,2326,73.28515625
305,13971,73.78515625
305,23009,79.20703125
305,32490,83.91015625
305,44115,79.28515625
306,2389,74.78515625
306,13985,74.53515625
306,23495,79.953125
306,32761,84.921875
306,44386,80.53515625
307,2352,75.28515625
307,14249,75.28515625
307,23461,79.953125
307,32870,85.96875
307,44575,80.78515625
308,2432,76.28515625
308,14146,76.53515625
308,23536,80.453125
308,32831,86.4609375
308,44928,81.03515625
309,2404,75.28515625
309,14164,76.03515625
309,23835,80.49609375
309,33421,86.8359375
309,45203,81.28515625
310,2480,75.53515625
310,14473,76.28515625
310,23990,80.546875
310,33661,86.90234375
310,45497,81.53515625
311,2449,76.53515625
311,14455,76.78515625
311,24258,81.640625
311,33711,88.25390625
311,45802,82.03515625
312,2446,75.53515625
312,14653,76.03515625
312,24339,81.6015625
312,34012,88.27734375
312,46100,81.78515625
313,2459,77.03515625
313,14825,77.53515625
313,24381,82.1875
313,34067,88.40625
313,46439,82.28515625
314,2398,75.53515625
314,14997,76.03515625
314,24705,82.44140625
314,34256,88.42578125
314,46704,82.140625
315,2501,77.640625
315,15072,78.140625
315,24524,82.91015625
315,34625,90.73828125
315,46978,83.89453125
316,2559,79.14453125
316,14911,79.14453125
316,24995,83.4609375
316,34722,91.04296875
316,47280,84.14453125
317,2552,79.14453125
317,14950,79.39453125
317,25145,83.69921875
317,34987,92.02734375
317,47647,85.3984375
318,2559,78.6484375
318,15091,79.3984375
318,25223,83.703125
318,35312,92.078125
318,47858,84.6484375
319,2555,78.8984375
319,15114,79.3984375
319,25278,83.953125
319,35373,92.09765625
319,48126,84.65234375
320,2601,78.90234375
320,15235,79.15234375
320,25447,83.96484375
320,35630,91.58984375
320,48521,84.90625
321,2603,78.90625
321,15470,79.40625
321,25677,83.2578125
321,36067,91.3984375
321,48798,84.40625
322,2621,79.40625
322,15639,79.40625
322,25746,84.50390625
322,36202,91.9296875
322,49162,84.78515625
323,2635,79.53515625
323,15651,79.51953125
323,25872,84.515625
323,36320,92.421875
323,49419,85.28515625
324,2652,80.28515625
324,15659,81.2734375
324,26149,86.265625
324,36705,94.23046875
324,49688,87.53515625
325,2540,79.28515625
325,15703,80.0234375
325,26283,84.54296875
325,36830,92.51171875
325,50030,84.78515625
326,2772,79.78515625
326,16046,79.78125
326,26432,85.0546875
326,37155,93.04296875
326,50399,86.03515625
327,2641,80.78515625
327,15853,81.27734375
327,26519,86.0390625
327,37323,93.53515625
327,50606,86.53515625
328,2660,80.78515625
328,15899,81.27734375
328,26625,85.5390625
328,37591,94.05078125
328,50961,87.03515625
329,2715,80.53515625
329,16241,81.03515625
329,27008,85.89453125
329,37720,94.1875
329,51321,86.53515625
330,2765,80.78515625
330,16218,81.78515625
330,27310,87.5625
330,37886,96.1015625
330,51556,88.5390625
331,2651,80.5390625
331,16326,81.53515625
331,27244,87.55078125
331,38417,95.97265625
331,52015,87.78515625
332,2704,81.78515625
332,16339,83.03515625
332,27435,88.5546875
332,38394,96.97265625
332,52151,89.03515625
333,2662,82.03515625
333,16578,84.1015625
333,27508,88.05078125
333,38625,96.80078125
333,52518,88.43359375
334,2831,82.93359375
334,16621,84.5859375
334,27919,88.33984375
334,38921,86.28515625
334,52793,89.4375
335,2778,83.1875
335,16640,84.328125
335,27838,88.82421875
335,39246,86.53515625
335,53157,89.69140625
336,2828,83.44140625
336,16835,84.890625
336,28027,89.3828125
336,39300,87.53515625
336,53437,90.44140625
337,2891,83.94140625
337,17215,86.33203125
337,28521,89.89453125
337,39721,88.04296875
337,53875,90.6953125
338,2862,83.4453125
338,17162,85.3125
338,28464,88.92578125
338,39810,87.03515625
338,54080,89.9453125
339,2781,82.4453125
339,17260,84.30078125
339,28600,88.14453125
339,40171,86.03515625
339,54522,88.44921875
340,2962,81.94921875
340,17186,84.06640625
340,28802,88.92578125
340,40373,86.78515625
340,54730,89.953125
341,2867,83.453125
341,17319,85.31640625
341,29053,89.4296875
341,40720,87.78515625
341,55123,90.53515625
342,2996,83.53515625
342,17368,85.8203125
342,29101,89.9375
342,40996,87.28515625
342,55358,89.53515625
343,2836,80.78515625
343,17723,83.36328125
343,29284,89.21484375
343,41002,85.78515625
343,55704,88.03515625
344,2932,81.78515625
344,17640,84.33984375
344,29497,89.72265625
344,41282,86.59765625
344,56009,89.03515625
345,2871,82.03515625
345,17864,84.8671875
345,29551,89.96484375
345,41576,87.8515625
345,56457,89.53515625
346,3002,81.78515625
346,17890,84.609375
346,30006,90.0078125
346,41762,87.1015625
346,56789,89.03515625
347,2977,82.78515625
347,18154,85.84375
347,30022,90.4921875
347,41965,88.35546875
347,57079,90.28515625
348,2996,82.78515625
348,18161,85.1171875
348,30261,90.58984375
348,42571,87.609375
348,57368,89.03515625
349,3063,82.78515625
349,18290,85.60546875
349,30365,91.11328125
349,42387,87.859375
349,57720,90.28515625
350,3118,82.78515625
350,18241,85.60546875
350,30656,92.359375
350,42746,88.359375
350,57989,90.28515625
351,3106,83.78515625
351,18345,86.62890625
351,30470,91.37890625
351,42995,89.86328125
351,58284,92.28515625
352,3075,83.03515625
352,18399,85.12109375
352,30956,92.109375
352,43099,88.11328125
352,58719,90.03515625
353,3059,83.28515625
353,18742,85.91015625
353,31026,92.625
353,43499,88.53515625
353,59069,92.51171875
354,3203,86.26171875
354,18802,87.40234375
354,31314,93.1796875
354,43701,90.03515625
354,59369,94.51953125
355,3157,87.26953125
355,18712,88.89453125
355,31399,93.90625
355,44241,91.03515625
355,59729,94.52734375
356,3152,86.52734375
356,19174,87.921875
356,31607,93.44140625
356,44129,89.78515625
356,60007,93.78515625
357,3178,87.28515625
357,19141,88.92578125
357,31701,93.953125
357,44414,90.78515625
357,60402,94.54296875
358,3272,87.79296875
358,19132,89.69140625
358,31918,93.93359375
358,44611,90.78515625
358,60716,94.80078125
359,3246,87.80078125
359,19176,89.4453125
359,31893,94.42578125
359,44917,92.03515625
359,61161,111.13671875
360,3310,102.88671875
360,19308,103.38671875
360,32211,105.13671875
360,45341,108.78515625
360,61398,110.87890625
361,3298,104.37890625
361,19608,105.12890625
361,32677,106.12890625
361,45581,109.62890625
361,61671,112.921875
362,3209,104.171875
362,19820,105.171875
362,32657,105.671875
362,45790,109.421875
362,62096,113.68359375
363,3249,107.18359375
363,19598,107.43359375
363,32849,107.93359375
363,46166,111.93359375
363,62379,114.1875
364,3336,107.6875
364,19880,107.4375
364,32886,107.9375
364,46294,111.1875
364,62793,113.9921875
365,3293,106.2421875
365,19825,106.9921875
365,33086,107.9921875
365,46613,110.7421875
365,63172,113.77734375
366,3312,105.77734375
366,20202,106.77734375
366,33247,108.53515625
366,46847,111.28515625
366,63477,114.28125
367,3262,107.03125
367,20403,107.28125
367,33596,109.03125
367,46926,112.28125
367,63734,115.04296875
368,3337,106.29296875
368,20147,107.54296875
368,33818,109.29296875
368,47412,112.54296875
368,64188,115.31640625
369,3436,108.06640625
369,20179,108.56640625
369,34076,109.56640625
369,47420,113.06640625
369,64528,116.1015625
370,3475,108.6015625
370,20537,109.1015625
370,33906,109.60546875
370,47760,112.8515625
370,64813,115.875
371,3383,108.875
371,20626,109.375
371,34293,110.125
371,48223,114.375
371,65202,116.93359375
372,3460,108.18359375
372,20683,107.93359375
372,34274,110.43359375
372,48397,112.93359375
372,65526,115.6875
373,3462,108.9375
373,20802,109.4375
373,34847,110.9375
373,48555,114.6875
373,65848,117.1875
374,3563,109.9375
374,20883,110.6875
374,34642,111.6875
374,48842,115.9375
374,66247,122.6640625
375,3624,115.4140625
375,20820,116.16796875
375,34943,116.4140625
375,49173,120.6640625
375,66628,123.453125
376,3573,114.453125
376,20927,115.203125
376,35567,115.203125
376,49267,118.953125
376,66918,121.7265625
377,3515,114.7265625
377,21408,115.7265625
377,35339,116.7265625
377,49782,120.734375
377,67360,123.26953125
378,3619,114.76953125
378,21325,115.51953125
378,35517,116.51953125
378,49793,120.76953125
378,67603,124.03125
379,3538,116.78125
379,21414,117.03125
379,35786,118.03125
379,50130,122.03125
379,68078,124.80078125
380,3651,114.30078125
380,21787,115.30078125
380,36123,116.80078125
380,50525,120.55078125
380,68416,123.8203125
381,3676,115.8203125
381,21692,116.57421875
381,36092,117.5703125
381,51100,121.3203125
381,68793,124.8984375
382,3789,116.8984375
382,21790,117.6484375
382,36596,118.6484375
382,50992,123.1484375
382,69113,126.2421875
383,3618,118.7421875
383,21942,119.4921875
383,36466,119.4921875
383,51290,123.4921875
383,69500,126.33984375
384,3593,116.08984375
384,22033,117.08984375
384,36843,117.83984375
384,51364,122.08984375
384,69877,126.7421875
385,3681,118.7421875
385,22198,119.9921875
385,37054,120.7421875
385,51936,124.9921875
385,70368,127.5546875
386,3644,118.0546875
386,22284,119.3046875
386,37226,120.0546875
386,52062,124.5546875
386,70575,127.30859375
387,3710,119.55859375
387,22293,119.80859375
387,37722,121.30859375
387,52113,125.80859375
387,70868,128.8203125
388,3856,120.3203125
388,22467,121.3203125
388,37754,122.0703125
388,52561,126.8203125
388,71300,129.875
389,3755,121.875
389,22749,122.375
389,37674,123.125
389,52723,127.875
389,71715,130.87890625
390,3807,118.87890625
390,22772,119.37890625
390,37774,121.37890625
390,53063,125.62890625
390,72018,128.4296875
391,3802,120.6796875
391,23034,120.9296875
391,38169,121.9296875
391,53478,126.6796875
391,72351,129.9609375
392,3741,119.9609375
392,23178,120.9609375
392,38180,121.7109375
392,53804,125.9609375
392,72756,128.96875
393,3853,120.96875
393,23074,121.96875
393,38583,122.46875
393,54144,127.21875
393,73209,130.5390625
394,3874,121.2890625
394,23482,121.5390625
394,38650,122.2890625
394,54397,127.0390625
394,73603,129.58203125
395,3740,120.83203125
395,23209,121.58203125
395,38519,122.33203125
395,54525,126.8359375
395,73862,130.09375
396,3770,119.84375
396,23455,120.84375
396,39092,123.09375
396,54677,126.84375
396,74242,129.59765625
397,3937,121.09765625
397,23306,121.59765625
397,39406,123.09765625
397,55204,126.59765625
397,74568,129.625
398,3921,119.125
398,23729,119.625
398,39256,123.125
398,55284,125.875
398,75046,129.43359375
399,3890,119.18359375
399,23865,119.43359375
399,39652,123.43359375
399,55531,125.68359375
399,75397,128.93359375
