2,1,1.0251998901367188e-05
5,5,2.956390380859375e-05
5,6,1.6927719116210938e-05
5,7,1.5735626220703125e-05
5,8,1.5497207641601562e-05
2,1,6.198883056640625e-06
2,1,6.67572021484375e-06
5,4,2.384185791015625e-05
6,12,8.20159912109375e-05
6,14,4.9114227294921875e-05
4,2,1.6450881958007812e-05
7,9,3.933906555175781e-05
7,11,2.7179718017578125e-05
7,12,4.1961669921875e-05
7,20,5.173683166503906e-05
8,9,4.172325134277344e-05
8,13,2.8371810913085938e-05
8,18,5.435943603515625e-05
8,28,6.389617919921875e-05
2,1,8.58306884765625e-06
8,7,3.8623809814453125e-05
9,20,5.984306335449219e-05
9,22,6.461143493652344e-05
9,35,7.724761962890625e-05
6,4,4.029273986816406e-05
10,12,5.412101745605469e-05
10,22,0.00010132789611816406
10,30,7.224082946777344e-05
10,44,9.393692016601562e-05
7,4,2.9325485229492188e-05
10,15,5.8650970458984375e-05
11,28,7.82012939453125e-05
11,40,8.606910705566406e-05
11,52,9.942054748535156e-05
7,5,3.1948089599609375e-05
12,27,7.43865966796875e-05
12,33,8.082389831542969e-05
12,52,0.00010085105895996094
12,65,0.00010800361633300781
10,8,4.7206878662109375e-05
13,29,8.273124694824219e-05
13,43,0.00010013580322265625
13,56,0.00011277198791503906
13,74,0.00020503997802734375
10,7,5.650520324707031e-05
14,36,0.0001633167266845703
14,44,0.00016999244689941406
14,55,0.00012993812561035156
14,89,0.000171661376953125
4,2,1.7642974853515625e-05
15,36,0.00012421607971191406
15,59,0.0001475811004638672
15,70,0.00014519691467285156
15,100,9.322166442871094e-05
9,6,2.288818359375e-05
16,35,6.794929504394531e-05
16,66,9.417533874511719e-05
16,93,0.0001323223114013672
16,115,9.560585021972656e-05
8,4,2.8371810913085938e-05
17,48,6.890296936035156e-05
17,66,7.486343383789062e-05
17,101,0.00010323524475097656
17,127,0.00016641616821289062
11,9,4.7206878662109375e-05
18,46,7.176399230957031e-05
18,72,0.00010347366333007812
18,107,0.00015234947204589844
18,142,0.0001437664031982422
11,8,4.553794860839844e-05
19,57,0.00010919570922851562
19,85,0.00012040138244628906
19,124,0.00011229515075683594
19,159,0.00012040138244628906
13,9,3.218650817871094e-05
20,70,0.00012540817260742188
20,86,0.00012683868408203125
20,131,0.00019621849060058594
20,185,0.0001728534698486328
12,7,4.172325134277344e-05
21,64,0.0001766681671142578
21,112,0.00011324882507324219
21,155,0.00019478797912597656
21,202,0.0002238750457763672
17,15,0.000102996826171875
22,76,0.00018715858459472656
22,117,0.0002033710479736328
22,175,0.0002582073211669922
22,218,0.0001621246337890625
18,13,8.654594421386719e-05
23,85,0.00011014938354492188
23,131,0.0001506805419921875
23,172,0.0002796649932861328
23,245,0.00018453598022460938
17,12,6.437301635742188e-05
24,90,0.00012230873107910156
24,132,0.00012636184692382812
24,204,0.00016427040100097656
24,264,0.0002110004425048828
21,25,0.00011849403381347656
25,82,0.00010967254638671875
25,144,0.00017547607421875
25,227,0.00019598007202148438
25,291,0.00023865699768066406
18,13,6.818771362304688e-05
26,114,0.00012350082397460938
26,160,0.0001423358917236328
26,236,0.00017905235290527344
26,314,0.0002205371856689453
24,19,7.486343383789062e-05
27,114,0.00014901161193847656
27,170,0.00016641616821289062
27,234,0.00036144256591796875
27,331,0.0004138946533203125
25,21,0.0001270771026611328
28,117,0.0001354217529296875
28,174,0.00022602081298828125
28,271,0.00034427642822265625
28,356,0.0002338886260986328
23,21,7.581710815429688e-05
29,134,0.0001475811004638672
29,176,0.0001571178436279297
29,268,0.00019598007202148438
29,384,0.0003170967102050781
16,16,7.963180541992188e-05
30,114,0.000164031982421875
30,202,0.00025463104248046875
30,298,0.0004177093505859375
30,410,0.0005309581756591797
21,21,8.20159912109375e-05
31,155,0.00020432472229003906
31,236,0.0002143383026123047
31,308,0.000240325927734375
31,449,0.0002689361572265625
27,22,7.271766662597656e-05
32,150,0.00016069412231445312
32,263,0.00024437904357910156
32,364,0.0003211498260498047
32,471,0.00029540061950683594
22,21,6.628036499023438e-05
33,172,0.0001678466796875
33,260,0.00020813941955566406
33,383,0.00038313865661621094
33,509,0.0004222393035888672
29,24,8.58306884765625e-05
34,174,0.00017642974853515625
34,289,0.00022840499877929688
34,391,0.00031638145446777344
34,529,0.0003285408020019531
26,26,0.00012445449829101562
35,180,0.0001804828643798828
35,297,0.00021910667419433594
35,419,0.00027942657470703125
35,567,0.00034809112548828125
32,33,0.00015807151794433594
36,171,0.00018787384033203125
36,306,0.00023436546325683594
36,443,0.00042176246643066406
36,602,0.0003840923309326172
28,28,0.000118255615234375
37,201,0.0001990795135498047
37,336,0.00024437904357910156
37,463,0.0003705024719238281
37,630,0.00048470497131347656
30,23,0.00010371208190917969
38,228,0.00021076202392578125
38,353,0.00026297569274902344
38,477,0.0003902912139892578
38,667,0.00037932395935058594
37,42,0.00012111663818359375
39,237,0.00021910667419433594
39,357,0.0002830028533935547
39,525,0.0004734992980957031
39,714,0.00044417381286621094
36,43,0.00018858909606933594
40,208,0.00021648406982421875
40,413,0.0002808570861816406
40,544,0.0005252361297607422
40,737,0.0004215240478515625
34,47,0.0001647472381591797
41,241,0.00022530555725097656
41,406,0.0003657341003417969
41,581,0.0003845691680908203
41,783,0.0005078315734863281
36,45,0.0003898143768310547
42,261,0.00043392181396484375
42,426,0.0003199577331542969
42,624,0.00037288665771484375
42,822,0.0004858970642089844
34,44,0.00020575523376464844
43,271,0.0002536773681640625
43,467,0.00031876564025878906
43,636,0.00047707557678222656
43,867,0.0004684925079345703
39,48,0.00014019012451171875
44,279,0.000370025634765625
44,474,0.00037598609924316406
44,655,0.0003886222839355469
44,908,0.0005443096160888672
41,47,0.00015974044799804688
45,276,0.0002512931823730469
45,492,0.0003299713134765625
45,689,0.0005385875701904297
45,939,0.0004870891571044922
42,52,0.0001480579376220703
46,299,0.00034046173095703125
46,532,0.0003731250762939453
46,722,0.0004210472106933594
46,984,0.0005142688751220703
44,55,0.00014328956604003906
47,333,0.00029158592224121094
47,566,0.00044608116149902344
47,754,0.0004916191101074219
47,1028,0.0011594295501708984
43,62,0.00020241737365722656
48,350,0.00031566619873046875
48,570,0.0003674030303955078
48,785,0.0004990100860595703
48,1076,0.0010066032409667969
45,56,0.00018024444580078125
49,348,0.0004143714904785156
49,594,0.00043773651123046875
49,817,0.000982522964477539
49,1110,0.0005731582641601562
47,60,0.0001678466796875
50,347,0.00035500526428222656
50,598,0.0004417896270751953
50,862,0.0004794597625732422
50,1155,0.0005767345428466797
43,59,0.00014829635620117188
51,390,0.00038242340087890625
51,659,0.0004513263702392578
51,875,0.0005800724029541016
51,1210,0.0006768703460693359
48,66,0.00021123886108398438
52,390,0.0006015300750732422
52,685,0.0004341602325439453
52,938,0.0008111000061035156
52,1274,0.0007948875427246094
52,64,0.00021338462829589844
53,418,0.000545501708984375
53,692,0.0004398822784423828
53,976,0.0009641647338867188
53,1325,0.0007464885711669922
53,74,0.00020360946655273438
54,442,0.0004551410675048828
54,720,0.00045418739318847656
54,1014,0.0005502700805664062
54,1361,0.0010123252868652344
55,83,0.0001990795135498047
55,435,0.0005707740783691406
55,714,0.0005505084991455078
55,1057,0.0011076927185058594
55,1402,0.0006999969482421875
53,73,0.00020241737365722656
56,474,0.0005445480346679688
56,781,0.00047397613525390625
56,1070,0.0005848407745361328
56,1460,0.0007092952728271484
55,85,0.00019931793212890625
57,465,0.0003714561462402344
57,818,0.0006194114685058594
57,1073,0.0005810260772705078
57,1513,0.0007271766662597656
54,78,0.0001914501190185547
58,500,0.0004639625549316406
58,816,0.0004985332489013672
58,1123,0.0007815361022949219
58,1566,0.0008418560028076172
54,77,0.0001895427703857422
59,499,0.0003833770751953125
59,847,0.0005884170532226562
59,1200,0.001041412353515625
59,1618,0.0009050369262695312
57,92,0.0002663135528564453
60,509,0.0004875659942626953
60,905,0.0006322860717773438
60,1244,0.000640869140625
60,1682,0.0008165836334228516
60,93,0.00022840499877929688
61,556,0.00045371055603027344
61,894,0.0006432533264160156
61,1272,0.0006926059722900391
61,1736,0.0008220672607421875
58,86,0.00021076202392578125
62,594,0.0004668235778808594
62,951,0.0005910396575927734
62,1311,0.001554250717163086
62,1768,0.0015146732330322266
60,84,0.00034308433532714844
63,611,0.00045013427734375
63,960,0.0012454986572265625
63,1414,0.0009675025939941406
63,1838,0.0010609626770019531
61,103,0.00023937225341796875
64,592,0.0004742145538330078
64,1025,0.0007190704345703125
64,1429,0.0008714199066162109
64,1911,0.0008897781372070312
63,107,0.00023984909057617188
65,653,0.0008730888366699219
65,1064,0.0006244182586669922
65,1461,0.0018963813781738281
65,1971,0.0014111995697021484
62,107,0.0002465248107910156
66,708,0.0005762577056884766
66,1083,0.0008063316345214844
66,1458,0.0008194446563720703
66,2047,0.0009710788726806641
64,120,0.0002758502960205078
67,649,0.0009946823120117188
67,1106,0.0006287097930908203
67,1595,0.0007975101470947266
67,2104,0.001833200454711914
66,138,0.000362396240234375
68,701,0.0005056858062744141
68,1122,0.0006690025329589844
68,1625,0.0018935203552246094
68,2156,0.0014603137969970703
66,105,0.00024819374084472656
69,711,0.00051116943359375
69,1134,0.0015065670013427734
69,1627,0.0008783340454101562
69,2225,0.0018241405487060547
66,129,0.0002627372741699219
70,716,0.0008578300476074219
70,1199,0.0011353492736816406
70,1681,0.0012006759643554688
70,2275,0.001325368881225586
71,118,0.0003209114074707031
71,735,0.0006678104400634766
71,1252,0.0017900466918945312
71,1737,0.0027687549591064453
71,2354,0.003216981887817383
70,107,0.0002589225769042969
72,756,0.0012254714965820312
72,1305,0.0013897418975830078
72,1784,0.001466989517211914
72,2418,0.0013682842254638672
72,125,0.0002944469451904297
73,787,0.0007157325744628906
73,1353,0.0011196136474609375
73,1863,0.0024292469024658203
73,2523,0.0018262863159179688
73,129,0.000457763671875
74,819,0.0005626678466796875
74,1360,0.0010595321655273438
74,1882,0.001783609390258789
74,2584,0.0012941360473632812
74,140,0.00028824806213378906
75,856,0.0007455348968505859
75,1409,0.0011630058288574219
75,1911,0.0010440349578857422
75,2638,0.0015184879302978516
75,139,0.0003104209899902344
76,826,0.0005736351013183594
76,1427,0.0007765293121337891
76,1997,0.0022897720336914062
76,2701,0.0012030601501464844
75,145,0.00029850006103515625
77,879,0.0007462501525878906
77,1490,0.0015788078308105469
77,2103,0.001478433609008789
77,2766,0.0023262500762939453
78,164,0.00030922889709472656
78,883,0.0006120204925537109
78,1512,0.003295421600341797
78,2061,0.003397226333618164
78,2872,0.0024139881134033203
78,152,0.00030875205993652344
79,968,0.0006585121154785156
79,1582,0.0010981559753417969
79,2097,0.0010020732879638672
79,2919,0.0013093948364257812
79,166,0.0002994537353515625
80,923,0.0008301734924316406
80,1564,0.0008146762847900391
80,2201,0.0010790824890136719
80,3018,0.0013544559478759766
81,156,0.0003085136413574219
81,983,0.0006566047668457031
81,1630,0.0009005069732666016
81,2271,0.0012066364288330078
81,3068,0.0013780593872070312
81,182,0.0003292560577392578
82,1020,0.0006968975067138672
82,1619,0.0011022090911865234
82,2317,0.0012955665588378906
82,3133,0.0013315677642822266
81,177,0.0003228187561035156
83,1042,0.0010981559753417969
83,1670,0.0008754730224609375
83,2404,0.001107931137084961
83,3234,0.0013904571533203125
82,184,0.00032019615173339844
84,1028,0.0006558895111083984
84,1726,0.0009584426879882812
84,2445,0.0011539459228515625
84,3299,0.0014643669128417969
83,180,0.0003440380096435547
85,1088,0.0007436275482177734
85,1796,0.0010008811950683594
85,2488,0.0011930465698242188
85,3384,0.001497030258178711
86,178,0.0003933906555175781
86,1076,0.0010890960693359375
86,1812,0.0013782978057861328
86,2554,0.0016026496887207031
86,3481,0.005556344985961914
85,197,0.0004725456237792969
87,1125,0.0013515949249267578
87,1859,0.001977205276489258
87,2577,0.001628875732421875
87,3576,0.001592874526977539
87,192,0.0010561943054199219
88,1146,0.0023093223571777344
88,1866,0.0019903182983398438
88,2680,0.0015015602111816406
88,3629,0.0021605491638183594
88,199,0.00038933753967285156
89,1244,0.001657247543334961
89,1974,0.0012955665588378906
89,2758,0.0014591217041015625
89,3719,0.0017323493957519531
90,191,0.0003795623779296875
90,1200,0.0007843971252441406
90,2038,0.003498554229736328
90,2742,0.0027074813842773438
90,3805,0.0016620159149169922
90,217,0.0006239414215087891
91,1267,0.0007696151733398438
91,2020,0.0010941028594970703
91,2855,0.001428365707397461
91,3891,0.00509953498840332
92,188,0.0004107952117919922
92,1271,0.0013148784637451172
92,2130,0.0011212825775146484
92,2889,0.001565694808959961
92,3965,0.0033690929412841797
93,204,0.00047087669372558594
93,1303,0.0012874603271484375
93,2099,0.0032837390899658203
93,2937,0.0024538040161132812
93,4047,0.0020487308502197266
94,211,0.000522613525390625
94,1320,0.0009019374847412109
94,2187,0.001413583755493164
94,3071,0.0025827884674072266
94,4162,0.0018489360809326172
95,222,0.0005831718444824219
95,1307,0.0009708404541015625
95,2267,0.0012331008911132812
95,3152,0.0017673969268798828
95,4250,0.0017852783203125
96,217,0.00041103363037109375
96,1403,0.0008573532104492188
96,2297,0.0016782283782958984
96,3219,0.001631021499633789
96,4326,0.0017819404602050781
96,230,0.0004076957702636719
97,1445,0.0009589195251464844
97,2296,0.0013175010681152344
97,3239,0.001481771469116211
97,4438,0.0018477439880371094
97,250,0.0005314350128173828
98,1390,0.0011360645294189453
98,2395,0.0015842914581298828
98,3318,0.0015149116516113281
98,4525,0.0018689632415771484
99,239,0.0005240440368652344
99,1429,0.0008780956268310547
99,2389,0.0012044906616210938
99,3407,0.0015850067138671875
99,4576,0.0019686222076416016
99,231,0.0004649162292480469
100,1464,0.0014133453369140625
100,2459,0.001535177230834961
100,3468,0.0015914440155029297
100,4710,0.002419710159301758
101,240,0.0005757808685302734
101,1495,0.0009098052978515625
101,2576,0.0012497901916503906
101,3509,0.0015630722045898438
101,4804,0.00199127197265625
100,266,0.0005290508270263672
102,1537,0.0009400844573974609
102,2583,0.001279592514038086
102,3625,0.0016453266143798828
102,4892,0.002048969268798828
101,271,0.00045037269592285156
103,1515,0.0010187625885009766
103,2622,0.0015692710876464844
103,3657,0.0016155242919921875
103,4979,0.0021109580993652344
104,244,0.00045299530029296875
104,1655,0.0013775825500488281
104,2652,0.001506805419921875
104,3756,0.002106904983520508
104,5073,0.005639791488647461
105,308,0.000591278076171875
105,1602,0.002269268035888672
105,2758,0.0014882087707519531
105,3831,0.005413532257080078
105,5164,0.0021774768829345703
103,261,0.0004703998565673828
106,1631,0.001094818115234375
106,2814,0.001981496810913086
106,3937,0.0017385482788085938
106,5286,0.002180337905883789
107,271,0.00048041343688964844
107,1711,0.001012563705444336
107,2817,0.0013637542724609375
107,3923,0.008191108703613281
107,5380,0.004734516143798828
108,279,0.0005230903625488281
108,1784,0.0015902519226074219
108,2912,0.003704071044921875
108,4029,0.004354715347290039
108,5478,0.002293825149536133
109,304,0.0005133152008056641
109,1757,0.0010704994201660156
109,2941,0.001451730728149414
109,4176,0.0019071102142333984
109,5583,0.002359628677368164
110,304,0.0005114078521728516
110,1828,0.0011057853698730469
110,3014,0.0017895698547363281
110,4235,0.007088899612426758
110,5697,0.0029561519622802734
110,312,0.0006475448608398438
111,1858,0.0030622482299804688
111,3060,0.0016520023345947266
111,4325,0.0036776065826416016
111,5817,0.0024242401123046875
112,307,0.0005233287811279297
112,1897,0.0011038780212402344
112,3135,0.001863241195678711
112,4360,0.0019321441650390625
112,5889,0.0039386749267578125
112,281,0.0006284713745117188
113,1899,0.002462625503540039
113,3234,0.0023298263549804688
113,4385,0.0021240711212158203
113,5997,0.0026106834411621094
114,317,0.0010933876037597656
114,1816,0.0019392967224121094
114,3209,0.002683877944946289
114,4463,0.001979827880859375
114,6119,0.002546072006225586
115,319,0.0005421638488769531
115,1931,0.0011355876922607422
115,3322,0.0026123523712158203
115,4531,0.0019559860229492188
115,6220,0.00684809684753418
116,306,0.0008625984191894531
116,2036,0.0018985271453857422
116,3353,0.00321197509765625
116,4604,0.002024412155151367
116,6358,0.0026292800903320312
116,316,0.0005338191986083984
117,2110,0.0012180805206298828
117,3392,0.0016222000122070312
117,4731,0.002025604248046875
117,6451,0.0026047229766845703
118,321,0.0005404949188232422
118,2082,0.0016748905181884766
118,3529,0.001743316650390625
118,4869,0.002116680145263672
118,6563,0.0026814937591552734
119,349,0.0008668899536132812
119,2184,0.001436471939086914
119,3609,0.0020377635955810547
119,4925,0.002276897430419922
119,6647,0.007153511047363281
120,349,0.0008385181427001953
120,2116,0.001270294189453125
120,3608,0.0027217864990234375
120,5029,0.0040128231048583984
120,6783,0.002755403518676758
121,368,0.0009183883666992188
121,2184,0.0012314319610595703
121,3695,0.0017635822296142578
121,5083,0.004757404327392578
121,6888,0.002778291702270508
121,348,0.0008661746978759766
122,2150,0.0012814998626708984
122,3668,0.002702474594116211
122,5148,0.005464076995849609
122,6993,0.0037140846252441406
123,366,0.0013365745544433594
123,2255,0.0013165473937988281
123,3763,0.0033130645751953125
123,5254,0.0022881031036376953
123,7124,0.002835988998413086
123,375,0.0005726814270019531
124,2330,0.0013148784637451172
124,3813,0.001821756362915039
124,5402,0.0023140907287597656
124,7265,0.004116535186767578
125,406,0.0008080005645751953
125,2319,0.0013988018035888672
125,3913,0.002173900604248047
125,5396,0.0027742385864257812
125,7336,0.0030472278594970703
126,437,0.0006737709045410156
126,2279,0.0013666152954101562
126,3938,0.0018911361694335938
126,5524,0.002317190170288086
126,7472,0.0029654502868652344
127,429,0.0007071495056152344
127,2358,0.0013191699981689453
127,4115,0.0018644332885742188
127,5610,0.010379791259765625
127,7612,0.011008977890014648
128,409,0.015420675277709961
128,2417,0.0031147003173828125
128,4049,0.00847315788269043
128,5684,0.007304668426513672
128,7718,0.0034189224243164062
129,397,0.0006759166717529297
129,2439,0.0014791488647460938
129,4151,0.001986980438232422
129,5753,0.002596139907836914
129,7869,0.0032155513763427734
130,411,0.0007231235504150391
130,2426,0.001371622085571289
130,4213,0.0021889209747314453
130,5923,0.002537965774536133
130,7979,0.003312826156616211
131,424,0.0006389617919921875
131,2544,0.001435995101928711
131,4247,0.001991748809814453
131,5898,0.002603769302368164
131,8094,0.007218360900878906
132,423,0.0008816719055175781
132,2599,0.0014574527740478516
132,4421,0.002120494842529297
132,6111,0.002590656280517578
132,8244,0.0033037662506103516
133,445,0.0007505416870117188
133,2602,0.002660989761352539
133,4420,0.0020334720611572266
133,6125,0.0025963783264160156
133,8350,0.00335693359375
134,440,0.000835418701171875
134,2691,0.0014722347259521484
134,4430,0.002220630645751953
134,6279,0.0026836395263671875
134,8449,0.0035049915313720703
135,460,0.0009515285491943359
135,2710,0.00250244140625
135,4402,0.002064228057861328
135,6276,0.0026559829711914062
135,8577,0.003412008285522461
136,465,0.0008828639984130859
136,2785,0.0015044212341308594
136,4595,0.0020952224731445312
136,6396,0.0026578903198242188
136,8743,0.0034389495849609375
137,487,0.0007715225219726562
137,2762,0.0015387535095214844
137,4689,0.0021212100982666016
137,6508,0.0027740001678466797
137,8833,0.003449678421020508
138,454,0.0010685920715332031
138,2818,0.001516580581665039
138,4737,0.0021584033966064453
138,6600,0.003324747085571289
138,8949,0.0034749507904052734
139,480,0.0009622573852539062
139,2920,0.0015583038330078125
139,4694,0.002171039581298828
139,6764,0.002833127975463867
139,9124,0.0036890506744384766
140,481,0.0010199546813964844
140,2997,0.001584768295288086
140,4907,0.002223968505859375
140,6906,0.002885580062866211
140,9249,0.003596782684326172
141,476,0.0009002685546875
141,2878,0.0015530586242675781
141,4969,0.0022161006927490234
141,6889,0.002966642379760742
141,9397,0.003812551498413086
142,506,0.0008172988891601562
142,2967,0.0016045570373535156
142,4955,0.00225830078125
142,7001,0.0033833980560302734
142,9524,0.0037572383880615234
143,485,0.0008988380432128906
143,2958,0.001668691635131836
143,5064,0.0022690296173095703
143,7087,0.002958536148071289
143,9629,0.0037772655487060547
144,511,0.0008959770202636719
144,3108,0.001641988754272461
144,5181,0.002407073974609375
144,7151,0.0029332637786865234
144,9768,0.0038161277770996094
145,513,0.0008940696716308594
145,3112,0.0016541481018066406
145,5204,0.0023081302642822266
145,7276,0.0030050277709960938
145,9884,0.004017829895019531
146,556,0.0008890628814697266
146,3097,0.0016491413116455078
146,5186,0.0023088455200195312
146,7404,0.0031304359436035156
146,10058,0.0074727535247802734
147,567,0.0008504390716552734
147,3259,0.001714468002319336
147,5365,0.0023691654205322266
147,7522,0.0031342506408691406
147,10193,0.009961843490600586
148,480,0.0017631053924560547
148,3317,0.0039501190185546875
148,5477,0.00580286979675293
148,7659,0.0032806396484375
148,10289,0.0041158199310302734
149,540,0.0008502006530761719
149,3273,0.0020117759704589844
149,5542,0.002463102340698242
149,7693,0.0031168460845947266
149,10492,0.004089832305908203
150,529,0.0008211135864257812
150,3329,0.0017516613006591797
150,5570,0.003559112548828125
150,7854,0.007090330123901367
150,10577,0.004441499710083008
151,595,0.0009355545043945312
151,3535,0.0028886795043945312
151,5664,0.0025434494018554688
151,7821,0.003223896026611328
151,10771,0.004205942153930664
152,598,0.000997304916381836
152,3450,0.0018262863159179688
152,5826,0.002553224563598633
152,7940,0.0033037662506103516
152,10881,0.004248619079589844
153,586,0.0009095668792724609
153,3428,0.0020792484283447266
153,5800,0.0026540756225585938
153,8126,0.003279447555541992
153,11042,0.00450444221496582
154,585,0.0009486675262451172
154,3519,0.0028259754180908203
154,5904,0.002615690231323242
154,8212,0.011524677276611328
154,11176,0.006034374237060547
154,567,0.000980377197265625
155,3500,0.0019922256469726562
155,5958,0.002706289291381836
155,8344,0.0034470558166503906
155,11338,0.004606485366821289
156,626,0.0010907649993896484
156,3585,0.0019011497497558594
156,6036,0.0027832984924316406
156,8442,0.003518819808959961
156,11497,0.00524139404296875
157,598,0.0012247562408447266
157,3717,0.002663850784301758
157,6094,0.0037527084350585938
157,8495,0.008041858673095703
157,11611,0.004468441009521484
158,594,0.0011615753173828125
158,3769,0.002257823944091797
158,6304,0.002735614776611328
158,8623,0.003560304641723633
158,11793,0.0046117305755615234
159,659,0.0010852813720703125
159,3745,0.0019698143005371094
159,6379,0.002809286117553711
159,8782,0.0035588741302490234
159,11948,0.004602909088134766
160,639,0.0009684562683105469
160,3774,0.002222776412963867
160,6388,0.0027816295623779297
160,8917,0.0036759376525878906
160,12107,0.004710197448730469
161,594,0.0009315013885498047
161,3759,0.002025127410888672
161,6472,0.0028526782989501953
161,8999,0.003990650177001953
161,12223,0.0048084259033203125
162,626,0.0009996891021728516
162,3937,0.0020437240600585938
162,6602,0.003374814987182617
162,9121,0.0036764144897460938
162,12363,0.0047702789306640625
163,650,0.0010385513305664062
163,3894,0.0019979476928710938
163,6575,0.0028481483459472656
163,9164,0.003763914108276367
163,12602,0.004979133605957031
164,666,0.0010962486267089844
164,3999,0.002054929733276367
164,6740,0.002916097640991211
164,9276,0.007002592086791992
164,12713,0.005040407180786133
165,719,0.0012557506561279297
165,4020,0.0020706653594970703
165,6803,0.00296783447265625
165,9418,0.00514984130859375
165,12877,0.004951000213623047
166,681,0.0010771751403808594
166,4067,0.002095937728881836
166,6828,0.0030384063720703125
166,9496,0.0038270950317382812
166,13002,0.005084514617919922
167,719,0.0009217262268066406
167,4079,0.002109527587890625
167,6874,0.003026247024536133
167,9712,0.004003763198852539
167,13157,0.005125999450683594
168,748,0.0011556148529052734
168,4157,0.0021135807037353516
168,6952,0.0029969215393066406
168,9904,0.0040435791015625
168,13337,0.005151987075805664
169,710,0.001710653305053711
169,4249,0.0021636486053466797
169,7097,0.0030663013458251953
169,9942,0.007522106170654297
169,13496,0.005272626876831055
170,731,0.001188516616821289
170,4265,0.0021789073944091797
170,7263,0.003124713897705078
170,10122,0.004144191741943359
170,13626,0.005324840545654297
171,695,0.0008955001831054688
171,4350,0.002176046371459961
171,7283,0.0031554698944091797
171,10105,0.004127025604248047
171,13758,0.005293607711791992
172,736,0.0011897087097167969
172,4396,0.002206087112426758
172,7264,0.0032258033752441406
172,10375,0.004278421401977539
172,13992,0.0056612491607666016
173,758,0.0021605491638183594
173,4455,0.0022728443145751953
173,7396,0.0032613277435302734
173,10431,0.0042917728424072266
173,14107,0.00575709342956543
174,767,0.0012631416320800781
174,4517,0.0023310184478759766
174,7547,0.0032982826232910156
174,10596,0.0044634342193603516
174,14300,0.006027698516845703
175,812,0.0010652542114257812
175,4474,0.0024099349975585938
175,7695,0.0033783912658691406
175,10662,0.004385232925415039
175,14467,0.013875961303710938
176,745,0.0024416446685791016
176,4551,0.0022771358489990234
176,7694,0.0034029483795166016
176,10695,0.011945962905883789
176,14589,0.005997657775878906
177,776,0.0010530948638916016
177,4754,0.0023925304412841797
177,7859,0.005720376968383789
177,10964,0.010217666625976562
177,14824,0.006220817565917969
178,789,0.0010342597961425781
178,4770,0.002452850341796875
178,7804,0.0033953189849853516
178,10980,0.009187698364257812
178,14966,0.007195949554443359
179,824,0.0010957717895507812
179,4811,0.0025093555450439453
179,7912,0.003536701202392578
179,11160,0.00784444808959961
179,15142,0.01399374008178711
180,786,0.0020618438720703125
180,4912,0.0024597644805908203
180,8001,0.003683328628540039
180,11177,0.005217075347900391
180,15252,0.006494283676147461
181,759,0.0011980533599853516
181,4940,0.0024302005767822266
181,8194,0.0034716129302978516
181,11471,0.004674434661865234
181,15480,0.0061550140380859375
182,795,0.0011518001556396484
182,4963,0.002440929412841797
182,8247,0.0034830570220947266
182,11588,0.008206605911254883
182,15682,0.006173133850097656
183,815,0.0011453628540039062
183,4994,0.0025146007537841797
183,8396,0.004130840301513672
183,11795,0.010985851287841797
183,15787,0.011545896530151367
184,828,0.0015778541564941406
184,5072,0.004780292510986328
184,8431,0.005121707916259766
184,11887,0.0073168277740478516
184,15930,0.006435394287109375
185,849,0.0010917186737060547
185,5076,0.0024690628051757812
185,8367,0.00416874885559082
185,11967,0.00554656982421875
185,16198,0.01012420654296875
186,862,0.0011146068572998047
186,5130,0.002901792526245117
186,8572,0.004787445068359375
186,12076,0.006270408630371094
186,16311,0.03163933753967285
187,865,0.004669904708862305
187,5252,0.01398468017578125
187,8780,0.011950492858886719
187,12241,0.007203578948974609
187,16553,0.01405191421508789
188,831,0.0015876293182373047
188,5331,0.002749919891357422
188,8802,0.005723476409912109
188,12338,0.006686687469482422
188,16712,0.007600545883178711
189,860,0.0013163089752197266
189,5220,0.0028514862060546875
189,8762,0.003892183303833008
189,12411,0.005249977111816406
189,16871,0.012119293212890625
190,929,0.0011699199676513672
190,5404,0.002657175064086914
190,9059,0.003828287124633789
190,12540,0.006858110427856445
190,17075,0.006709098815917969
191,871,0.0012216567993164062
191,5475,0.002687215805053711
191,8998,0.0038809776306152344
191,12715,0.005229949951171875
191,17242,0.007044792175292969
192,913,0.0011394023895263672
192,5544,0.0030717849731445312
192,9149,0.004141092300415039
192,12862,0.005331754684448242
192,17423,0.013308525085449219
193,929,0.0014386177062988281
193,5653,0.003226757049560547
193,9270,0.0054090023040771484
193,12913,0.005831718444824219
193,17544,0.012451171875
194,951,0.0014405250549316406
194,5597,0.0028553009033203125
194,9378,0.010498046875
194,12969,0.0073032379150390625
194,17764,0.019308090209960938
195,978,0.0018994808197021484
195,5571,0.003057718276977539
195,9374,0.004777431488037109
195,13226,0.005395412445068359
195,17949,0.00731348991394043
196,938,0.0011479854583740234
196,5789,0.002907276153564453
196,9516,0.004709482192993164
196,13322,0.007396697998046875
196,18137,0.007982969284057617
197,959,0.0012726783752441406
197,5725,0.0027627944946289062
197,9591,0.00477290153503418
197,13531,0.0073282718658447266
197,18323,0.011792898178100586
198,942,0.002156496047973633
198,5828,0.0034589767456054688
198,9672,0.009432554244995117
198,13743,0.008676767349243164
198,18573,0.010144710540771484
199,958,0.001264333724975586
199,5963,0.00636744499206543
199,9797,0.009011507034301758
199,13742,0.022459983825683594
199,18725,0.015950918197631836
200,1000,0.0019903182983398438
200,5926,0.004002809524536133
200,9977,0.004877805709838867
200,13949,0.014218807220458984
200,18909,0.03223252296447754
201,974,0.0034821033477783203
201,6070,0.00945901870727539
201,9989,0.011458158493041992
201,14118,0.027712106704711914
201,19074,0.028296470642089844
202,1026,0.0022013187408447266
202,6078,0.015441656112670898
202,10125,0.011196374893188477
202,14237,0.00797271728515625
202,19314,0.016845226287841797
203,985,0.0015740394592285156
203,6187,0.003253459930419922
203,10263,0.016533851623535156
203,14437,0.012629985809326172
203,19461,0.01585245132446289
204,1037,0.0015268325805664062
204,6257,0.00947427749633789
204,10343,0.007075309753417969
204,14405,0.00628352165222168
204,19701,0.01629805564880371
205,1116,0.0019745826721191406
205,6205,0.008717775344848633
205,10360,0.011850595474243164
205,14599,0.013940572738647461
205,19899,0.022742271423339844
206,1026,0.0042476654052734375
206,6271,0.007763862609863281
206,10702,0.017508268356323242
206,14723,0.01179814338684082
206,20022,0.014919757843017578
207,1141,0.002422809600830078
207,6430,0.0048182010650634766
207,10653,0.006468057632446289
207,14933,0.013187408447265625
207,20275,0.01583242416381836
208,1126,0.0015912055969238281
208,6486,0.005237579345703125
208,10703,0.010864496231079102
208,15145,0.008386850357055664
208,20487,0.015919923782348633
209,1193,0.0014843940734863281
209,6430,0.006284475326538086
209,10800,0.010202646255493164
209,15187,0.012087106704711914
209,20647,0.015897035598754883
210,1046,0.0020966529846191406
210,6684,0.00540471076965332
210,10965,0.009448528289794922
210,15269,0.01486349105834961
210,20798,0.018869400024414062
211,1107,0.0017685890197753906
211,6752,0.006892204284667969
211,11196,0.013451576232910156
211,15499,0.0157778263092041
211,21160,0.018449068069458008
212,1088,0.003334522247314453
212,6835,0.003621816635131836
212,10995,0.006495475769042969
212,15636,0.02002549171447754
212,21263,0.020256996154785156
213,1153,0.0014324188232421875
213,6749,0.008392333984375
213,11265,0.013183832168579102
213,15833,0.014494180679321289
213,21418,0.017078399658203125
214,1182,0.0017235279083251953
214,6738,0.010179519653320312
214,11506,0.008826017379760742
214,15902,0.015087366104125977
214,21612,0.019300222396850586
215,1172,0.0015070438385009766
215,6963,0.013100385665893555
215,11431,0.008125543594360352
215,16008,0.016157150268554688
215,21867,0.018489360809326172
216,1126,0.0014619827270507812
216,6985,0.004408359527587891
216,11597,0.013044357299804688
216,16416,0.01640629768371582
216,22048,0.01918196678161621
217,1170,0.0018985271453857422
217,7002,0.004698514938354492
217,11797,0.01607966423034668
217,16228,0.011873006820678711
217,22246,0.017480134963989258
218,1218,0.0019335746765136719
218,7012,0.009036540985107422
218,11925,0.013484001159667969
218,16581,0.016393661499023438
218,22473,0.018552064895629883
219,1208,0.006165981292724609
219,7212,0.005906820297241211
219,11987,0.01112508773803711
219,16808,0.016471385955810547
219,22721,0.025882959365844727
220,1212,0.0014579296112060547
220,7176,0.007880926132202148
220,12146,0.014304399490356445
220,16903,0.014243841171264648
220,22888,0.028548479080200195
221,1179,0.0015599727630615234
221,7245,0.013342857360839844
221,12183,0.011564970016479492
221,17027,0.017071247100830078
221,23064,0.02018904685974121
222,1226,0.0037910938262939453
222,7340,0.009215116500854492
222,12269,0.012937545776367188
222,17124,0.01669025421142578
222,23266,0.01964545249938965
223,1243,0.0018360614776611328
223,7419,0.008437395095825195
223,12371,0.009429693222045898
223,17213,0.01080775260925293
223,23447,0.023170948028564453
224,1242,0.003344297409057617
224,7509,0.012540817260742188
224,12434,0.008606672286987305
224,17492,0.014391899108886719
224,23733,0.02017068862915039
225,1238,0.002088785171508789
225,7655,0.005287885665893555
225,12545,0.012633800506591797
225,17644,0.016904592514038086
225,23918,0.020143508911132812
226,1236,0.0019359588623046875
226,7704,0.008374452590942383
226,12728,0.014229536056518555
226,17751,0.01596832275390625
226,24124,0.023386716842651367
227,1338,0.003756284713745117
227,7800,0.012376070022583008
227,12760,0.014492273330688477
227,17979,0.017333507537841797
227,24360,0.021179676055908203
228,1307,0.0021026134490966797
228,7700,0.005911588668823242
228,13002,0.01737380027770996
228,18053,0.016391277313232422
228,24522,0.027493715286254883
229,1262,0.004891157150268555
229,7810,0.00545954704284668
229,12969,0.014873981475830078
229,18250,0.015280961990356445
229,24790,0.022485733032226562
230,1353,0.0020532608032226562
230,7922,0.005921602249145508
230,13260,0.014892101287841797
230,18317,0.018324851989746094
230,25003,0.02494359016418457
231,1394,0.004221439361572266
231,7929,0.010702848434448242
231,13173,0.008891105651855469
231,18574,0.012546539306640625
231,25255,0.025931119918823242
232,1358,0.0034160614013671875
232,7975,0.0048160552978515625
232,13317,0.013087034225463867
232,18729,0.017953872680664062
232,25443,0.019877195358276367
233,1315,0.0014939308166503906
233,8086,0.012276411056518555
233,13570,0.014698505401611328
233,18948,0.016948699951171875
233,25656,0.01994156837463379
234,1359,0.0021257400512695312
234,8202,0.010238885879516602
234,13504,0.012414693832397461
234,19003,0.018553972244262695
234,25883,0.027932405471801758
235,1496,0.005004405975341797
235,8189,0.0050067901611328125
235,13904,0.011920452117919922
235,19229,0.017818450927734375
235,26156,0.019589662551879883
236,1363,0.001981496810913086
236,8226,0.007433176040649414
236,13768,0.007848739624023438
236,19419,0.03377580642700195
236,26386,0.02784872055053711
237,1352,0.0015285015106201172
237,8444,0.015758037567138672
237,13995,0.011940717697143555
237,19666,0.017531394958496094
237,26522,0.03007984161376953
238,1382,0.0051534175872802734
238,8450,0.009012222290039062
238,14106,0.015049219131469727
238,19739,0.024344682693481445
238,26823,0.025866270065307617
239,1421,0.0017180442810058594
239,8459,0.011101007461547852
239,14224,0.012504816055297852
239,19901,0.01824951171875
239,27024,0.028729915618896484
240,1433,0.006610870361328125
240,8747,0.008063793182373047
240,14324,0.011220932006835938
240,20131,0.016475677490234375
240,27212,0.021213769912719727
241,1345,0.0017368793487548828
241,8649,0.012131690979003906
241,14502,0.013161897659301758
241,20217,0.016348838806152344
241,27428,0.019989967346191406
242,1389,0.0031638145446777344
242,8908,0.011287212371826172
242,14496,0.015462636947631836
242,20398,0.018570899963378906
242,27651,0.02235126495361328
243,1534,0.001986980438232422
243,8835,0.011192798614501953
243,14675,0.014184713363647461
243,20677,0.017407655715942383
243,27903,0.02471613883972168
244,1484,0.0035300254821777344
244,9010,0.0065762996673583984
244,14885,0.015985727310180664
244,20712,0.025346994400024414
244,28174,0.022564411163330078
245,1487,0.004366874694824219
245,8992,0.007030963897705078
245,14753,0.013689517974853516
245,21035,0.01826643943786621
245,28374,0.03030109405517578
246,1539,0.0017485618591308594
246,9150,0.013108968734741211
246,15102,0.01579570770263672
246,21107,0.01735091209411621
246,28667,0.028245925903320312
247,1557,0.002368927001953125
247,9156,0.008090496063232422
247,15198,0.011397600173950195
247,21410,0.018248796463012695
247,28857,0.02659749984741211
248,1611,0.0024871826171875
248,9175,0.011900186538696289
248,15365,0.013984203338623047
248,21431,0.017798900604248047
248,29073,0.02393817901611328
249,1483,0.002840280532836914
249,9103,0.012294530868530273
249,15355,0.012320995330810547
249,21754,0.017815351486206055
249,29272,0.023792505264282227
250,1527,0.00212860107421875
250,9362,0.011172056198120117
250,15645,0.016193151473999023
250,21772,0.013488054275512695
250,29478,0.027395009994506836
251,1654,0.004982948303222656
251,9412,0.005850315093994141
251,15653,0.015042543411254883
251,21907,0.020087480545043945
251,29785,0.02445363998413086
252,1610,0.005471467971801758
252,9433,0.011923074722290039
252,15898,0.015468835830688477
252,22246,0.019354820251464844
252,30011,0.026064634323120117
253,1592,0.0024154186248779297
253,9589,0.01211404800415039
253,15894,0.014972925186157227
253,22444,0.01940131187438965
253,30295,0.03407883644104004
254,1667,0.0030744075775146484
254,9736,0.011921405792236328
254,16045,0.011520147323608398
254,22574,0.0216977596282959
254,30573,0.027446508407592773
255,1582,0.004691123962402344
255,9755,0.0055081844329833984
255,16152,0.015550613403320312
255,22600,0.01868748664855957
255,30738,0.02789926528930664
256,1634,0.0021696090698242188
256,9821,0.012341737747192383
256,16404,0.01655101776123047
256,22785,0.02381300926208496
256,31023,0.032326698303222656
257,1630,0.002546072006225586
257,9770,0.011195898056030273
257,16378,0.015636205673217773
257,23030,0.020708084106445312
257,31239,0.029280662536621094
258,1675,0.0023446083068847656
258,9938,0.007991313934326172
258,16462,0.015547037124633789
258,23140,0.02014017105102539
258,31526,0.029483318328857422
259,1654,0.008267879486083984
259,10040,0.029442310333251953
259,16826,0.017428874969482422
259,23353,0.0556178092956543
259,31739,0.030595779418945312
260,1680,0.003435850143432617
260,10185,0.007088184356689453
260,16826,0.011414289474487305
260,23523,0.021089792251586914
260,31977,0.030574798583984375
261,1671,0.003008604049682617
261,10109,0.011705636978149414
261,16941,0.0164334774017334
261,23621,0.0192568302154541
261,32199,0.029841899871826172
262,1701,0.006341457366943359
262,10128,0.013473272323608398
262,17237,0.013049840927124023
262,23966,0.020655155181884766
262,32509,0.02909541130065918
263,1679,0.0024175643920898438
263,10363,0.008457422256469727
263,17222,0.016026020050048828
263,24088,0.0192105770111084
263,32663,0.029296875
264,1742,0.0028352737426757812
264,10422,0.013064861297607422
264,17360,0.018480777740478516
264,24411,0.02019023895263672
264,33008,0.029799222946166992
265,1728,0.0027208328247070312
265,10283,0.006224870681762695
265,17551,0.017258405685424805
265,24409,0.0252382755279541
265,33211,0.028955936431884766
266,1796,0.0024399757385253906
266,10515,0.012163639068603516
266,17688,0.013731002807617188
266,24757,0.021036863327026367
266,33471,0.027784347534179688
267,1743,0.0027151107788085938
267,10709,0.007577657699584961
267,17793,0.016457319259643555
267,24802,0.023988962173461914
267,33786,0.027071475982666016
268,1737,0.002604961395263672
268,10660,0.008152246475219727
268,17924,0.016637325286865234
268,25059,0.020305633544921875
268,34012,0.03451061248779297
269,1842,0.002396106719970703
269,10825,0.007551670074462891
269,18162,0.017113208770751953
269,25028,0.021280765533447266
269,34260,0.033072471618652344
270,1747,0.0022394657135009766
270,10920,0.01207590103149414
270,18142,0.015100240707397461
270,25478,0.04546952247619629
270,34547,0.03146958351135254
271,1880,0.0048100948333740234
271,10965,0.015345096588134766
271,18440,0.016841650009155273
271,25656,0.025115251541137695
271,34721,0.03246784210205078
272,1857,0.0020492076873779297
272,11146,0.013779640197753906
272,18425,0.021416902542114258
272,25753,0.022495031356811523
272,35000,0.03310203552246094
273,1794,0.0028228759765625
273,11074,0.014486312866210938
273,18514,0.017383813858032227
273,25933,0.029590606689453125
273,35235,0.03165626525878906
274,1924,0.0021898746490478516
274,11241,0.0166323184967041
274,18889,0.01795673370361328
274,26311,0.027954578399658203
274,35539,0.03162193298339844
275,1861,0.004211902618408203
275,11265,0.010295391082763672
275,18759,0.01936483383178711
275,26148,0.022150278091430664
275,35759,0.0323183536529541
276,1838,0.003839254379272461
276,11473,0.009498834609985352
276,18853,0.017403602600097656
276,26431,0.02039480209350586
276,36061,0.031395673751831055
277,1918,0.003746509552001953
277,11485,0.01153707504272461
277,19087,0.0167236328125
277,26699,0.02238917350769043
277,36271,0.033644914627075195
278,1927,0.0020885467529296875
278,11674,0.008251190185546875
278,19150,0.02575516700744629
278,26981,0.03781485557556152
278,36600,0.032379150390625
279,2005,0.0023641586303710938
279,11493,0.005628824234008789
279,19499,0.009540319442749023
279,27302,0.019908428192138672
279,36824,0.016739845275878906
280,1997,0.002095460891723633
280,11721,0.006123542785644531
280,19581,0.009589672088623047
280,27272,0.01573967933654785
280,37111,0.03253960609436035
281,1920,0.007440805435180664
281,11764,0.005719900131225586
281,19575,0.013513565063476562
281,27668,0.014006853103637695
281,37364,0.03636980056762695
282,1990,0.003367900848388672
282,11993,0.006608486175537109
282,19976,0.009440898895263672
282,27815,0.03423309326171875
282,37681,0.034534454345703125
283,1984,0.00423431396484375
283,11925,0.015452384948730469
283,19877,0.03406810760498047
283,28114,0.028889894485473633
283,37982,0.03286862373352051
284,2025,0.0027234554290771484
284,11950,0.011976242065429688
284,20010,0.02272176742553711
284,28151,0.014800786972045898
284,38191,0.03723025321960449
285,1982,0.0032958984375
285,12195,0.013903617858886719
285,20283,0.02601909637451172
285,28300,0.02872920036315918
285,38522,0.039961814880371094
286,2016,0.006946563720703125
286,12003,0.013181924819946289
286,20240,0.01932692527770996
286,28566,0.029809236526489258
286,38766,0.033446550369262695
287,2123,0.004535198211669922
287,12266,0.007987022399902344
287,20564,0.018023014068603516
287,28682,0.03348970413208008
287,39022,0.036638498306274414
288,2073,0.0021970272064208984
288,12256,0.014921188354492188
288,20772,0.024963855743408203
288,28866,0.03420543670654297
288,39246,0.03817343711853027
289,2061,0.00273895263671875
289,12525,0.011848688125610352
289,20817,0.018424272537231445
289,29182,0.022897958755493164
289,39527,0.03595304489135742
290,2170,0.0028357505798339844
290,12401,0.011781454086303711
290,20913,0.019496440887451172
290,29222,0.022390127182006836
290,39774,0.03589010238647461
291,2193,0.005283832550048828
291,12496,0.014409065246582031
291,21167,0.018436908721923828
291,29443,0.029001712799072266
291,40096,0.03703141212463379
292,2166,0.002611398696899414
292,12844,0.014340400695800781
292,21230,0.020812273025512695
292,29760,0.027355670928955078
292,40315,0.0368046760559082
293,2141,0.006530046463012695
293,12896,0.01038813591003418
293,21354,0.018581628799438477
293,30005,0.029510498046875
293,40639,0.040233612060546875
294,2207,0.0023517608642578125
294,12994,0.010504961013793945
294,21544,0.017699241638183594
294,30197,0.030120849609375
294,40958,0.03627967834472656
295,2191,0.0027365684509277344
295,12994,0.013948678970336914
295,21614,0.029715538024902344
295,30346,0.027410268783569336
295,41222,0.03637576103210449
296,2191,0.0034279823303222656
296,13011,0.013885974884033203
296,21874,0.022065401077270508
296,30458,0.028923988342285156
296,41477,0.03466081619262695
297,2224,0.0047724246978759766
297,13119,0.014187335968017578
297,21888,0.018151521682739258
297,30821,0.031043052673339844
297,41807,0.03992891311645508
298,2225,0.0031518936157226562
298,13243,0.010392904281616211
298,22213,0.024870634078979492
298,30830,0.033257484436035156
298,42054,0.0369114875793457
299,2180,0.005865573883056641
299,13397,0.012862205505371094
299,22205,0.019844532012939453
299,31013,0.03074812889099121
299,42305,0.046784400939941406
300,2218,0.005053997039794922
300,13372,0.013246297836303711
300,22322,0.02220773696899414
300,31389,0.030458688735961914
300,42605,0.039873600006103516
301,2325,0.005351543426513672
301,13554,0.014997720718383789
301,22449,0.022492170333862305
301,31558,0.07156515121459961
301,42874,0.041200876235961914
302,2287,0.0023059844970703125
302,13590,0.013472318649291992
302,22508,0.024731874465942383
302,31863,0.031846046447753906
302,43185,0.04473161697387695
303,2277,0.0037927627563476562
303,13643,0.014916181564331055
303,22620,0.04167342185974121
303,32045,0.030623197555541992
303,43481,0.0416412353515625
304,2272,0.003499746322631836
304,13822,0.009844064712524414
304,23014,0.028363466262817383
304,32149,0.02503824234008789
304,43774,0.044199466705322266
305,2326,0.003049135208129883
305,13971,0.01173090934753418
305,23009,0.01869940757751465
305,32490,0.03537178039550781
305,44115,0.0444636344909668
306,2389,0.00991368293762207
306,13985,0.016329050064086914
306,23495,0.018128156661987305
306,32761,0.01615762710571289
306,44386,0.019980669021606445
307,2352,0.0024030208587646484
307,14249,0.006589412689208984
307,23461,0.015519857406616211
307,32870,0.014530420303344727
307,44575,0.01987004280090332
308,2432,0.002384662628173828
308,14146,0.006460666656494141
308,23536,0.010366201400756836
308,32831,0.024236679077148438
308,44928,0.045690059661865234
309,2404,0.0025267601013183594
309,14164,0.010064363479614258
309,23835,0.02092766761779785
309,33421,0.015068769454956055
309,45203,0.019877195358276367
310,2480,0.0024192333221435547
310,14473,0.006906270980834961
310,23990,0.010699033737182617
310,33661,0.014935493469238281
310,45497,0.01985311508178711
311,2449,0.002360820770263672
311,14455,0.006683349609375
311,24258,0.010628461837768555
311,33711,0.014695167541503906
311,45802,0.03459811210632324
312,2446,0.002539396286010742
312,14653,0.014109373092651367
312,24339,0.026972532272338867
312,34012,0.015358209609985352
312,46100,0.026738643646240234
313,2459,0.0024993419647216797
313,14825,0.021245956420898438
313,24381,0.04985165596008301
313,34067,0.02446150779724121
313,46439,0.026338815689086914
314,2398,0.002815723419189453
314,14997,0.010001420974731445
314,24705,0.018082618713378906
314,34256,0.018489837646484375
314,46704,0.02267622947692871
315,2501,0.0026903152465820312
315,15072,0.009643077850341797
315,24524,0.016658544540405273
315,34625,0.03300952911376953
315,46978,0.04347944259643555
316,2559,0.0035593509674072266
316,14911,0.015004158020019531
316,24995,0.022119522094726562
316,34722,0.03235650062561035
316,47280,0.08741545677185059
317,2552,0.007389545440673828
317,14950,0.009704828262329102
317,25145,0.020894289016723633
317,34987,0.03770613670349121
317,47647,0.030522584915161133
318,2559,0.0055773258209228516
318,15091,0.010301828384399414
318,25223,0.016554832458496094
318,35312,0.021454811096191406
318,47858,0.03242802619934082
319,2555,0.003590822219848633
319,15114,0.009349346160888672
319,25278,0.02480459213256836
319,35373,0.022469043731689453
319,48126,0.030590057373046875
320,2601,0.005353450775146484
320,15235,0.011168479919433594
320,25447,0.017106056213378906
320,35630,0.02282428741455078
320,48521,0.05263495445251465
321,2603,0.004703998565673828
321,15470,0.010258197784423828
321,25677,0.03429746627807617
321,36067,0.035402774810791016
321,48798,0.02772212028503418
322,2621,0.004076242446899414
322,15639,0.012323617935180664
322,25746,0.023479938507080078
322,36202,0.017515182495117188
322,49162,0.02934432029724121
323,2635,0.0026760101318359375
323,15651,0.007795095443725586
323,25872,0.012731790542602539
323,36320,0.016714811325073242
323,49419,0.022891521453857422
324,2652,0.0026438236236572266
324,15659,0.008102178573608398
324,26149,0.015235662460327148
324,36705,0.01676797866821289
324,49688,0.022777795791625977
325,2540,0.002499818801879883
325,15703,0.007407665252685547
325,26283,0.012119770050048828
325,36830,0.016835689544677734
325,50030,0.02363109588623047
326,2772,0.0027201175689697266
326,16046,0.0077533721923828125
326,26432,0.01193380355834961
326,37155,0.017229318618774414
326,50399,0.03800320625305176
327,2641,0.005090475082397461
327,15853,0.007494449615478516
327,26519,0.012724637985229492
327,37323,0.017205238342285156
327,50606,0.02405524253845215
328,2660,0.002593517303466797
328,15899,0.008639812469482422
328,26625,0.020686864852905273
328,37591,0.018281936645507812
328,50961,0.023465633392333984
329,2715,0.0026705265045166016
329,16241,0.0075795650482177734
329,27008,0.012559890747070312
329,37720,0.017679691314697266
329,51321,0.02443242073059082
330,2765,0.0028421878814697266
330,16218,0.007598161697387695
330,27310,0.012613296508789062
330,37886,0.017603397369384766
330,51556,0.023717403411865234
331,2651,0.0026092529296875
331,16326,0.007616758346557617
331,27244,0.013165950775146484
331,38417,0.017943859100341797
331,52015,0.02364039421081543
332,2704,0.002617359161376953
332,16339,0.007439374923706055
332,27435,0.012770652770996094
332,38394,0.01770305633544922
332,52151,0.024680376052856445
333,2662,0.002676725387573242
333,16578,0.007563352584838867
333,27508,0.01289510726928711
333,38625,0.017817258834838867
333,52518,0.025611162185668945
334,2831,0.002850055694580078
334,16621,0.00817728042602539
334,27919,0.014363527297973633
334,38921,0.019142627716064453
334,52793,0.026138782501220703
335,2778,0.002843141555786133
335,16640,0.008388519287109375
335,27838,0.013135910034179688
335,39246,0.018950462341308594
335,53157,0.0243377685546875
336,2828,0.0027680397033691406
336,16835,0.007644176483154297
336,28027,0.014359235763549805
336,39300,0.018392324447631836
336,53437,0.05817556381225586
337,2891,0.002797365188598633
337,17215,0.011038541793823242
337,28521,0.013236761093139648
337,39721,0.018065929412841797
337,53875,0.025017738342285156
338,2862,0.002778291702270508
338,17162,0.00782155990600586
338,28464,0.012886524200439453
338,39810,0.0182497501373291
338,54080,0.024797916412353516
339,2781,0.0026865005493164062
339,17260,0.0077838897705078125
339,28600,0.013352632522583008
339,40171,0.018246173858642578
339,54522,0.02516460418701172
340,2962,0.0028030872344970703
340,17186,0.007877111434936523
340,28802,0.013319730758666992
340,40373,0.02817821502685547
340,54730,0.02664947509765625
341,2867,0.002766132354736328
341,17319,0.010832548141479492
341,29053,0.015751123428344727
341,40720,0.05799508094787598
341,55123,0.040429115295410156
342,2996,0.0033240318298339844
342,17368,0.008429765701293945
342,29101,0.0324711799621582
342,40996,0.020922422409057617
342,55358,0.02599477767944336
343,2836,0.0047702789306640625
343,17723,0.015422344207763672
343,29284,0.017867326736450195
343,41002,0.01953125
343,55704,0.027193784713745117
344,2932,0.0027933120727539062
344,17640,0.008980512619018555
344,29497,0.014272451400756836
344,41282,0.029933452606201172
344,56009,0.043601036071777344
345,2871,0.004548549652099609
345,17864,0.008668661117553711
345,29551,0.013516902923583984
345,41576,0.01922917366027832
345,56457,0.0261533260345459
346,3002,0.0028650760650634766
346,17890,0.008620023727416992
346,30006,0.01367950439453125
346,41762,0.019365310668945312
346,56789,0.02672410011291504
347,2977,0.0028901100158691406
347,18154,0.008398771286010742
347,30022,0.01446843147277832
347,41965,0.01943373680114746
347,57079,0.027111530303955078
348,2996,0.0028839111328125
348,18161,0.008518457412719727
348,30261,0.020035505294799805
348,42571,0.01976633071899414
348,57368,0.026947021484375
349,3063,0.002855062484741211
349,18290,0.008275985717773438
349,30365,0.015007257461547852
349,42387,0.01974964141845703
349,57720,0.027272939682006836
350,3118,0.0029625892639160156
350,18241,0.008224964141845703
350,30656,0.01555180549621582
350,42746,0.020241260528564453
350,57989,0.04331326484680176
351,3106,0.0038008689880371094
351,18345,0.008374929428100586
351,30470,0.029110193252563477
351,42995,0.02144455909729004
351,58284,0.027574777603149414
352,3075,0.0029501914978027344
352,18399,0.008311986923217773
352,30956,0.014696121215820312
352,43099,0.02007889747619629
352,58719,0.04658842086791992
353,3059,0.0050203800201416016
353,18742,0.00917363166809082
353,31026,0.024312734603881836
353,43499,0.02043604850769043
353,59069,0.028434038162231445
354,3203,0.0029823780059814453
354,18802,0.01719069480895996
354,31314,0.026617765426635742
354,43701,0.02292656898498535
354,59369,0.061083316802978516
355,3157,0.0050508975982666016
355,18712,0.008609533309936523
355,31399,0.014297246932983398
355,44241,0.021091461181640625
355,59729,0.028879642486572266
356,3152,0.002980947494506836
356,19174,0.009955883026123047
356,31607,0.022916793823242188
356,44129,0.020471811294555664
356,60007,0.029379606246948242
357,3178,0.0029754638671875
357,19141,0.008757591247558594
357,31701,0.014554738998413086
357,44414,0.022788047790527344
357,60402,0.02846837043762207
358,3272,0.003123044967651367
358,19132,0.012645244598388672
358,31918,0.02835559844970703
358,44611,0.020745038986206055
358,60716,0.03971457481384277
359,3246,0.003108978271484375
359,19176,0.02130603790283203
359,31893,0.015340566635131836
359,44917,0.037340402603149414
359,61161,0.031278133392333984
360,3310,0.003348112106323242
360,19308,0.031196117401123047
360,32211,0.01960134506225586
360,45341,0.036582231521606445
360,61398,0.02901315689086914
361,3298,0.0031037330627441406
361,19608,0.019196748733520508
361,32677,0.015474319458007812
361,45581,0.021826505661010742
361,61671,0.029314279556274414
362,3209,0.0030508041381835938
362,19820,0.009040355682373047
362,32657,0.015283823013305664
362,45790,0.031214475631713867
362,62096,0.02866506576538086
363,3249,0.005591630935668945
363,19598,0.015268802642822266
363,32849,0.017020702362060547
363,46166,0.021610260009765625
363,62379,0.029077768325805664
364,3336,0.0031273365020751953
364,19880,0.009026050567626953
364,32886,0.016694068908691406
364,46294,0.02192544937133789
364,62793,0.05273938179016113
365,3293,0.0031890869140625
365,19825,0.01437687873840332
365,33086,0.015474557876586914
365,46613,0.02197742462158203
365,63172,0.03252267837524414
366,3312,0.006631135940551758
366,20202,0.02258467674255371
366,33247,0.02010488510131836
366,46847,0.022185802459716797
366,63477,0.03046584129333496
367,3262,0.0031468868255615234
367,20403,0.010005950927734375
367,33596,0.02046799659729004
367,46926,0.03127145767211914
367,63734,0.03375959396362305
368,3337,0.0031821727752685547
368,20147,0.010973691940307617
368,33818,0.016999244689941406
368,47412,0.02327108383178711
368,64188,0.031961917877197266
369,3436,0.003377199172973633
369,20179,0.010865211486816406
369,34076,0.01706719398498535
369,47420,0.0221102237701416
369,64528,0.030795812606811523
370,3475,0.003252744674682617
370,20537,0.009450912475585938
370,33906,0.015772104263305664
370,47760,0.0549161434173584
370,64813,0.031757354736328125
371,3383,0.0032503604888916016
371,20626,0.009943485260009766
371,34293,0.01602768898010254
371,48223,0.03831672668457031
371,65202,0.052358150482177734
372,3460,0.0044596195220947266
372,20683,0.009609699249267578
372,34274,0.021524906158447266
372,48397,0.022679805755615234
372,65526,0.030959129333496094
373,3462,0.0034215450286865234
373,20802,0.010033845901489258
373,34847,0.01694965362548828
373,48555,0.02262282371520996
373,65848,0.031200170516967773
374,3563,0.003308534622192383
374,20883,0.010039091110229492
374,34642,0.01661515235900879
374,48842,0.022795677185058594
374,66247,0.030916452407836914
375,3624,0.003362894058227539
375,20820,0.009742021560668945
375,34943,0.016421079635620117
375,49173,0.03820085525512695
375,66628,0.031267404556274414
376,3573,0.003283977508544922
376,20927,0.009536504745483398
376,35567,0.016689777374267578
376,49267,0.024924755096435547
376,66918,0.03215384483337402
377,3515,0.003317117691040039
377,21408,0.009704828262329102
377,35339,0.016527652740478516
377,49782,0.02365851402282715
377,67360,0.03371739387512207
378,3619,0.003381013870239258
378,21325,0.011182069778442383
378,35517,0.016713380813598633
378,49793,0.03708171844482422
378,67603,0.036650657653808594
379,3538,0.003597259521484375
379,21414,0.010048151016235352
379,35786,0.01680898666381836
379,50130,0.02367401123046875
379,68078,0.03259396553039551
380,3651,0.0033342838287353516
380,21787,0.010537862777709961
380,36123,0.016981124877929688
380,50525,0.02493762969970703
380,68416,0.04482746124267578
381,3676,0.003512144088745117
381,21692,0.011157512664794922
381,36092,0.01803731918334961
381,51100,0.0256502628326416
381,68793,0.03658485412597656
382,3789,0.0074083805084228516
382,21790,0.010115623474121094
382,36596,0.017225980758666992
382,50992,0.024436235427856445
382,69113,0.03277158737182617
383,3618,0.0033783912658691406
383,21942,0.00990605354309082
383,36466,0.017176151275634766
383,51290,0.02618551254272461
383,69500,0.03361201286315918
384,3593,0.0033767223358154297
384,22033,0.009872913360595703
384,36843,0.021059513092041016
384,51364,0.03822755813598633
384,69877,0.03435564041137695
385,3681,0.006547451019287109
385,22198,0.012047052383422852
385,37054,0.01902937889099121
385,51936,0.024736642837524414
385,70368,0.035184383392333984
386,3644,0.003487825393676758
386,22284,0.010139226913452148
386,37226,0.017707347869873047
386,52062,0.024542808532714844
386,70575,0.040756940841674805
387,3710,0.0034770965576171875
387,22293,0.012881278991699219
387,37722,0.01855301856994629
387,52113,0.027144908905029297
387,70868,0.05824851989746094
388,3856,0.0040340423583984375
388,22467,0.02135300636291504
388,37754,0.031990766525268555
388,52561,0.029955625534057617
388,71300,0.03413701057434082
389,3755,0.0049381256103515625
389,22749,0.010728120803833008
389,37674,0.01792597770690918
389,52723,0.02555108070373535
389,71715,0.04186606407165527
390,3807,0.0035369396209716797
390,22772,0.023600101470947266
390,37774,0.01818537712097168
390,53063,0.025676250457763672
390,72018,0.035364627838134766
391,3802,0.003851652145385742
391,23034,0.010676860809326172
391,38169,0.018175363540649414
391,53478,0.025436878204345703
391,72351,0.03512072563171387
392,3741,0.0034842491149902344
392,23178,0.010609626770019531
392,38180,0.018072843551635742
392,53804,0.02539968490600586
392,72756,0.040244340896606445
393,3853,0.003651142120361328
393,23074,0.010889053344726562
393,38583,0.019120216369628906
393,54144,0.04010915756225586
393,73209,0.03524518013000488
394,3874,0.0036575794219970703
394,23482,0.010698318481445312
394,38650,0.01881241798400879
394,54397,0.027611255645751953
394,73603,0.03564023971557617
395,3740,0.0035736560821533203
395,23209,0.014429569244384766
395,38519,0.018408775329589844
395,54525,0.025857925415039062
395,73862,0.036717891693115234
396,3770,0.0036020278930664062
396,23455,0.010853290557861328
396,39092,0.01927924156188965
396,54677,0.026125192642211914
396,74242,0.040926456451416016
397,3937,0.0037832260131835938
397,23306,0.01073455810546875
397,39406,0.020188570022583008
397,55204,0.032679080963134766
397,74568,0.0360102653503418
398,3921,0.0036334991455078125
398,23729,0.011115074157714844
398,39256,0.018956899642944336
398,55284,0.02745509147644043
398,75046,0.03636312484741211
399,3890,0.003615140914916992
399,23865,0.011453390121459961
399,39652,0.027815818786621094
399,55531,0.028636693954467773
399,75397,0.038694143295288086
