2,1,1.5974044799804688e-05
5,5,2.9087066650390625e-05
5,6,2.8371810913085938e-05
5,7,4.38690185546875e-05
5,8,2.193450927734375e-05
2,1,7.3909759521484375e-06
2,1,6.4373016357421875e-06
5,4,1.5974044799804688e-05
6,12,2.8848648071289062e-05
6,14,2.6226043701171875e-05
4,2,1.0251998901367188e-05
7,9,2.3126602172851562e-05
7,11,2.4557113647460938e-05
7,12,2.4557113647460938e-05
7,20,2.765655517578125e-05
8,9,2.6702880859375e-05
8,13,3.361701965332031e-05
8,18,2.956390380859375e-05
8,28,3.4332275390625e-05
2,1,7.62939453125e-06
8,7,2.2172927856445312e-05
9,20,3.814697265625e-05
9,22,4.0531158447265625e-05
9,35,7.462501525878906e-05
6,4,3.981590270996094e-05
10,12,4.363059997558594e-05
10,22,4.100799560546875e-05
10,30,6.318092346191406e-05
10,44,8.606910705566406e-05
7,4,4.506111145019531e-05
10,15,5.14984130859375e-05
11,28,5.1021575927734375e-05
11,40,6.079673767089844e-05
11,52,9.846687316894531e-05
7,5,2.1457672119140625e-05
12,27,4.4345855712890625e-05
12,33,6.0558319091796875e-05
12,52,7.319450378417969e-05
12,65,7.700920104980469e-05
10,8,3.123283386230469e-05
13,29,4.982948303222656e-05
13,43,5.602836608886719e-05
13,56,6.651878356933594e-05
13,74,8.630752563476562e-05
10,7,4.673004150390625e-05
14,36,5.53131103515625e-05
14,44,5.4836273193359375e-05
14,55,7.343292236328125e-05
14,89,9.083747863769531e-05
4,2,1.3113021850585938e-05
15,36,5.555152893066406e-05
15,59,6.389617919921875e-05
15,70,7.176399230957031e-05
15,100,8.368492126464844e-05
9,6,2.4557113647460938e-05
16,35,6.0558319091796875e-05
16,66,7.557868957519531e-05
16,93,8.106231689453125e-05
16,115,9.250640869140625e-05
8,4,2.193450927734375e-05
17,48,0.00011682510375976562
17,66,7.43865966796875e-05
17,101,8.821487426757812e-05
17,127,9.703636169433594e-05
11,9,4.839897155761719e-05
18,46,7.390975952148438e-05
18,72,0.00016379356384277344
18,107,0.00013256072998046875
18,142,0.00015425682067871094
11,8,4.553794860839844e-05
19,57,0.00012445449829101562
19,85,0.00010156631469726562
19,124,0.00012683868408203125
19,159,0.00012421607971191406
13,9,3.4332275390625e-05
20,70,0.00010228157043457031
20,86,0.00010037422180175781
20,131,0.00011014938354492188
20,185,0.00012969970703125
12,7,3.2901763916015625e-05
21,64,0.0001010894775390625
21,112,9.989738464355469e-05
21,155,0.00016641616821289062
21,202,0.00022935867309570312
17,15,7.05718994140625e-05
22,76,0.0001537799835205078
22,117,0.00011801719665527344
22,175,0.00016379356384277344
22,218,0.000171661376953125
18,13,5.14984130859375e-05
23,85,0.00015783309936523438
23,131,0.00011920928955078125
23,172,0.00023365020751953125
23,245,0.0002675056457519531
17,12,0.00010585784912109375
24,90,0.0001285076141357422
24,132,0.00016379356384277344
24,204,0.0001735687255859375
24,264,0.0003306865692138672
21,25,0.0001595020294189453
25,82,0.00019860267639160156
25,144,0.0001404285430908203
25,227,0.00022029876708984375
25,291,0.00019812583923339844
18,13,5.7697296142578125e-05
26,114,0.00014257431030273438
26,160,0.0001609325408935547
26,236,0.00017499923706054688
26,314,0.00019168853759765625
24,19,8.463859558105469e-05
27,114,0.00014662742614746094
27,170,0.00022125244140625
27,234,0.00027298927307128906
27,331,0.0002372264862060547
25,21,8.0108642578125e-05
28,117,0.0001327991485595703
28,174,0.0001430511474609375
28,271,0.0001938343048095703
28,356,0.00031757354736328125
23,21,0.00017070770263671875
29,134,0.00018644332885742188
29,176,0.00017023086547851562
29,268,0.0001971721649169922
29,384,0.00022912025451660156
16,16,7.414817810058594e-05
30,114,0.00013494491577148438
30,202,0.0001819133758544922
30,298,0.00022220611572265625
30,410,0.0002627372741699219
21,21,7.605552673339844e-05
31,155,0.0001575946807861328
31,236,0.00018858909606933594
31,308,0.00021457672119140625
31,449,0.0003495216369628906
27,22,0.00015354156494140625
32,150,0.00021910667419433594
32,263,0.0002493858337402344
32,364,0.00023412704467773438
32,471,0.00026535987854003906
22,21,8.702278137207031e-05
33,172,0.0002429485321044922
33,260,0.00025010108947753906
33,383,0.0003333091735839844
33,509,0.0002894401550292969
29,24,8.344650268554688e-05
34,174,0.00017547607421875
34,289,0.00038886070251464844
34,391,0.000324249267578125
34,529,0.0003216266632080078
26,26,0.00010657310485839844
35,180,0.00018095970153808594
35,297,0.00021600723266601562
35,419,0.0003337860107421875
35,567,0.00042319297790527344
32,33,0.00010943412780761719
36,171,0.00021958351135253906
36,306,0.0002319812774658203
36,443,0.0002713203430175781
36,602,0.0003898143768310547
28,28,9.655952453613281e-05
37,201,0.0002048015594482422
37,336,0.0002472400665283203
37,463,0.0002837181091308594
37,630,0.0004119873046875
30,23,0.0001308917999267578
38,228,0.00022602081298828125
38,353,0.0002617835998535156
38,477,0.0002903938293457031
38,667,0.00039458274841308594
37,42,0.00016546249389648438
39,237,0.0002732276916503906
39,357,0.000263214111328125
39,525,0.0003199577331542969
39,714,0.0004112720489501953
36,43,0.0001723766326904297
40,208,0.00025272369384765625
40,413,0.0002942085266113281
40,544,0.0004372596740722656
40,737,0.00048351287841796875
34,47,0.0001575946807861328
41,241,0.00022220611572265625
41,406,0.0002760887145996094
41,581,0.0007739067077636719
41,783,0.0004096031188964844
36,45,0.00012946128845214844
42,261,0.00023865699768066406
42,426,0.000423431396484375
42,624,0.0004413127899169922
42,822,0.0004725456237792969
34,44,0.0002143383026123047
43,271,0.0003311634063720703
43,467,0.0003485679626464844
43,636,0.0003657341003417969
43,867,0.00048160552978515625
39,48,0.0001780986785888672
44,279,0.00026702880859375
44,474,0.0003528594970703125
44,655,0.0004451274871826172
44,908,0.0004856586456298828
41,47,0.00013566017150878906
45,276,0.00024509429931640625
45,492,0.00045180320739746094
45,689,0.0005300045013427734
45,939,0.0006148815155029297
42,52,0.00018715858459472656
46,299,0.00030875205993652344
46,532,0.00034308433532714844
46,722,0.0007843971252441406
46,984,0.0004904270172119141
44,55,0.00015163421630859375
47,333,0.0002810955047607422
47,566,0.0004067420959472656
47,754,0.0004341602325439453
47,1028,0.0011341571807861328
43,62,0.0003185272216796875
48,350,0.0005481243133544922
48,570,0.0006153583526611328
48,785,0.0005125999450683594
48,1076,0.0007445812225341797
45,56,0.00029087066650390625
49,348,0.00033926963806152344
49,594,0.00038242340087890625
49,817,0.0005688667297363281
49,1110,0.0005476474761962891
47,60,0.00020813941955566406
50,347,0.00047016143798828125
50,598,0.00042366981506347656
50,862,0.00046253204345703125
50,1155,0.0005710124969482422
43,59,0.00015115737915039062
51,390,0.0003116130828857422
51,659,0.00047516822814941406
51,875,0.0004687309265136719
51,1210,0.0005946159362792969
48,66,0.0001709461212158203
52,390,0.00033545494079589844
52,685,0.00047326087951660156
52,938,0.0004973411560058594
52,1274,0.0006132125854492188
52,64,0.00017833709716796875
53,418,0.0003509521484375
53,692,0.0006248950958251953
53,976,0.0005345344543457031
53,1325,0.0006573200225830078
53,74,0.00018405914306640625
54,442,0.000347137451171875
54,720,0.000621795654296875
54,1014,0.0005338191986083984
54,1361,0.0006430149078369141
55,83,0.00020623207092285156
55,435,0.0005917549133300781
55,714,0.0004525184631347656
55,1057,0.0011932849884033203
55,1402,0.0006606578826904297
53,73,0.00023293495178222656
56,474,0.0004520416259765625
56,781,0.00046563148498535156
56,1070,0.0007197856903076172
56,1460,0.0009472370147705078
55,85,0.0002498626708984375
57,465,0.0003814697265625
57,818,0.000576019287109375
57,1073,0.0007507801055908203
57,1513,0.0006949901580810547
54,78,0.00019478797912597656
58,500,0.0004088878631591797
58,816,0.0005104541778564453
58,1123,0.0007829666137695312
58,1566,0.0008471012115478516
54,77,0.000213623046875
59,499,0.0003876686096191406
59,847,0.0009179115295410156
59,1200,0.0006148815155029297
59,1618,0.0007517337799072266
57,92,0.00021314620971679688
60,509,0.0004029273986816406
60,905,0.0005476474761962891
60,1244,0.0006892681121826172
60,1682,0.0007860660552978516
60,93,0.0004227161407470703
61,556,0.0004525184631347656
61,894,0.0005536079406738281
61,1272,0.0006792545318603516
61,1736,0.0007865428924560547
58,86,0.00021076202392578125
62,594,0.000461578369140625
62,951,0.000762939453125
62,1311,0.0007750988006591797
62,1768,0.0010592937469482422
60,84,0.0002205371856689453
63,611,0.0004572868347167969
63,960,0.0005624294281005859
63,1414,0.0009031295776367188
63,1838,0.0009951591491699219
61,103,0.0002472400665283203
64,592,0.0004980564117431641
64,1025,0.0007340908050537109
64,1429,0.0009219646453857422
64,1911,0.0011053085327148438
63,107,0.00024271011352539062
65,653,0.0004658699035644531
65,1064,0.0006086826324462891
65,1461,0.0008139610290527344
65,1971,0.0008916854858398438
62,107,0.0005319118499755859
66,708,0.0005624294281005859
66,1083,0.0007839202880859375
66,1458,0.0007557868957519531
66,2047,0.0016245841979980469
64,120,0.0005888938903808594
67,649,0.0008640289306640625
67,1106,0.0006105899810791016
67,1595,0.0007827281951904297
67,2104,0.001641988754272461
66,138,0.00030422210693359375
68,701,0.0004940032958984375
68,1122,0.0006926059722900391
68,1625,0.0008022785186767578
68,2156,0.0012836456298828125
66,105,0.00026297569274902344
69,711,0.0005202293395996094
69,1134,0.0008630752563476562
69,1627,0.0008156299591064453
69,2225,0.0009946823120117188
66,129,0.0002601146697998047
70,716,0.0004913806915283203
70,1199,0.0006685256958007812
70,1681,0.0008137226104736328
70,2275,0.0010192394256591797
71,118,0.0002796649932861328
71,735,0.0008018016815185547
71,1252,0.0006833076477050781
71,1737,0.001321554183959961
71,2354,0.002062082290649414
70,107,0.0002624988555908203
72,756,0.0006051063537597656
72,1305,0.0013785362243652344
72,1784,0.0008611679077148438
72,2418,0.0013740062713623047
72,125,0.0003571510314941406
73,787,0.0005936622619628906
73,1353,0.0007574558258056641
73,1863,0.0008802413940429688
73,2523,0.001087188720703125
73,129,0.0004911422729492188
74,819,0.0005664825439453125
74,1360,0.0007574558258056641
74,1882,0.0009145736694335938
74,2584,0.0010957717895507812
74,140,0.00028777122497558594
75,856,0.0005617141723632812
75,1409,0.0007364749908447266
75,1911,0.0008993148803710938
75,2638,0.0011136531829833984
75,139,0.0003437995910644531
76,826,0.0005586147308349609
76,1427,0.000743865966796875
76,1997,0.0009596347808837891
76,2701,0.0016303062438964844
75,145,0.0003402233123779297
77,879,0.0006878376007080078
77,1490,0.0008187294006347656
77,2103,0.0016412734985351562
77,2766,0.0011501312255859375
78,164,0.0003211498260498047
78,883,0.0005857944488525391
78,1512,0.0009415149688720703
78,2061,0.0009729862213134766
78,2872,0.0012371540069580078
78,152,0.000316619873046875
79,968,0.0011036396026611328
79,1582,0.0008170604705810547
79,2097,0.0009753704071044922
79,2919,0.0018434524536132812
79,166,0.0004999637603759766
80,923,0.0006136894226074219
80,1564,0.0008060932159423828
80,2201,0.0010035037994384766
80,3018,0.0013532638549804688
81,156,0.0003223419189453125
81,983,0.0011119842529296875
81,1630,0.0008406639099121094
81,2271,0.0014774799346923828
81,3068,0.001322031021118164
81,182,0.000431060791015625
82,1020,0.0006575584411621094
82,1619,0.0018451213836669922
82,2317,0.0014293193817138672
82,3133,0.0012943744659423828
81,177,0.0003304481506347656
83,1042,0.0006546974182128906
83,1670,0.0008432865142822266
83,2404,0.0017502307891845703
83,3234,0.001341104507446289
82,184,0.0003943443298339844
84,1028,0.0006766319274902344
84,1726,0.0009279251098632812
84,2445,0.0019333362579345703
84,3299,0.002000093460083008
83,180,0.0003979206085205078
85,1088,0.0006830692291259766
85,1796,0.0010333061218261719
85,2488,0.00152587890625
85,3384,0.001432180404663086
86,178,0.0003669261932373047
86,1076,0.0008168220520019531
86,1812,0.0009453296661376953
86,2554,0.0015375614166259766
86,3481,0.0014221668243408203
85,197,0.0003592967987060547
87,1125,0.0008358955383300781
87,1859,0.0011603832244873047
87,2577,0.0013301372528076172
87,3576,0.0014712810516357422
87,192,0.00037741661071777344
88,1146,0.0007135868072509766
88,1866,0.0009663105010986328
88,2680,0.0012695789337158203
88,3629,0.0014922618865966797
88,199,0.00037860870361328125
89,1244,0.0008263587951660156
89,1974,0.0010232925415039062
89,2758,0.0016164779663085938
89,3719,0.0015115737915039062
90,191,0.00038361549377441406
90,1200,0.0007464885711669922
90,2038,0.0013990402221679688
90,2742,0.0012080669403076172
90,3805,0.0016808509826660156
90,217,0.0003819465637207031
91,1267,0.0007634162902832031
91,2020,0.0010170936584472656
91,2855,0.0013077259063720703
91,3891,0.0018024444580078125
92,188,0.0003933906555175781
92,1271,0.0007913112640380859
92,2130,0.0016303062438964844
92,2889,0.0012860298156738281
92,3965,0.0016751289367675781
93,204,0.0004711151123046875
93,1303,0.0007889270782470703
93,2099,0.0010707378387451172
93,2937,0.0013735294342041016
93,4047,0.0019440650939941406
94,211,0.00040531158447265625
94,1320,0.001455068588256836
94,2187,0.0011692047119140625
94,3071,0.002694368362426758
94,4162,0.0017838478088378906
95,222,0.0008461475372314453
95,1307,0.0008108615875244141
95,2267,0.0032486915588378906
95,3152,0.0014383792877197266
95,4250,0.0025529861450195312
96,217,0.00042438507080078125
96,1403,0.0011646747589111328
96,2297,0.001186370849609375
96,3219,0.003187894821166992
96,4326,0.0028519630432128906
96,230,0.00046133995056152344
97,1445,0.0010690689086914062
97,2296,0.0014681816101074219
97,3239,0.0014510154724121094
97,4438,0.0018129348754882812
97,250,0.0004591941833496094
98,1390,0.0008633136749267578
98,2395,0.0033502578735351562
98,3318,0.0014731884002685547
98,4525,0.0018851757049560547
99,239,0.0004818439483642578
99,1429,0.0008556842803955078
99,2389,0.0011882781982421875
99,3407,0.0014834403991699219
99,4576,0.0018551349639892578
99,231,0.00048470497131347656
100,1464,0.0008685588836669922
100,2459,0.0012030601501464844
100,3468,0.001499176025390625
100,4710,0.002054929733276367
101,240,0.0005543231964111328
101,1495,0.00089263916015625
101,2576,0.0012063980102539062
101,3509,0.0015599727630615234
101,4804,0.001958131790161133
100,266,0.00044918060302734375
102,1537,0.0009160041809082031
102,2583,0.0015125274658203125
102,3625,0.0015995502471923828
102,4892,0.0019562244415283203
101,271,0.0004703998565673828
103,1515,0.0009365081787109375
103,2622,0.003509998321533203
103,3657,0.0016186237335205078
103,4979,0.0019822120666503906
104,244,0.0005221366882324219
104,1655,0.0009837150573730469
104,2652,0.001832723617553711
104,3756,0.00164031982421875
104,5073,0.0019845962524414062
105,308,0.0004980564117431641
105,1602,0.0010263919830322266
105,2758,0.0018923282623291016
105,3831,0.0016591548919677734
105,5164,0.0020265579223632812
103,261,0.0005049705505371094
106,1631,0.0011742115020751953
106,2814,0.0016982555389404297
106,3937,0.0016410350799560547
106,5286,0.0020918846130371094
107,271,0.0004892349243164062
107,1711,0.0010602474212646484
107,2817,0.0024597644805908203
107,3923,0.0018954277038574219
107,5380,0.002185821533203125
108,279,0.0005178451538085938
108,1784,0.0011632442474365234
108,2912,0.0014469623565673828
108,4029,0.0018074512481689453
108,5478,0.006498098373413086
109,304,0.0006167888641357422
109,1757,0.0010595321655273438
109,2941,0.0019538402557373047
109,4176,0.0018486976623535156
109,5583,0.002599954605102539
110,304,0.0006113052368164062
110,1828,0.0019125938415527344
110,3014,0.0014765262603759766
110,4235,0.002099752426147461
110,5697,0.005185127258300781
110,312,0.0006480216979980469
111,1858,0.0014204978942871094
111,3060,0.002214670181274414
111,4325,0.0019040107727050781
111,5817,0.0036458969116210938
112,307,0.0005404949188232422
112,1897,0.0010907649993896484
112,3135,0.002520322799682617
112,4360,0.0019049644470214844
112,5889,0.002420663833618164
112,281,0.0005204677581787109
113,1899,0.0011034011840820312
113,3234,0.0018210411071777344
113,4385,0.0018529891967773438
113,5997,0.002289295196533203
114,317,0.0005598068237304688
114,1816,0.001142263412475586
114,3209,0.0015361309051513672
114,4463,0.0020074844360351562
114,6119,0.002404928207397461
115,319,0.0005946159362792969
115,1931,0.0014300346374511719
115,3322,0.0045435428619384766
115,4531,0.0018913745880126953
115,6220,0.003787517547607422
116,306,0.0005643367767333984
116,2036,0.0012462139129638672
116,3353,0.0016803741455078125
116,4604,0.0020515918731689453
116,6358,0.0026307106018066406
116,316,0.0005497932434082031
117,2110,0.0015115737915039062
117,3392,0.0016396045684814453
117,4731,0.002027273178100586
117,6451,0.0028018951416015625
118,321,0.0006070137023925781
118,2082,0.0014410018920898438
118,3529,0.0023970603942871094
118,4869,0.0021822452545166016
118,6563,0.004148721694946289
119,349,0.0005803108215332031
119,2184,0.0032777786254882812
119,3609,0.002248048782348633
119,4925,0.004090785980224609
119,6647,0.004115581512451172
120,349,0.0005917549133300781
120,2116,0.0020253658294677734
120,3608,0.006318569183349609
120,5029,0.0024003982543945312
120,6783,0.0027883052825927734
121,368,0.0008459091186523438
121,2184,0.0016090869903564453
121,3695,0.0016498565673828125
121,5083,0.002109050750732422
121,6888,0.0025968551635742188
121,348,0.0006275177001953125
122,2150,0.0012688636779785156
122,3668,0.0017206668853759766
122,5148,0.002143383026123047
122,6993,0.005171537399291992
123,366,0.0007426738739013672
123,2255,0.001302957534790039
123,3763,0.0030808448791503906
123,5254,0.002332448959350586
123,7124,0.002869129180908203
123,375,0.0006988048553466797
124,2330,0.0016744136810302734
124,3813,0.0020771026611328125
124,5402,0.0022745132446289062
124,7265,0.004613399505615234
125,406,0.0006468296051025391
125,2319,0.002605438232421875
125,3913,0.002619504928588867
125,5396,0.002398967742919922
125,7336,0.004849672317504883
126,437,0.0006747245788574219
126,2279,0.001241445541381836
126,3938,0.0018999576568603516
126,5524,0.0025212764739990234
126,7472,0.0034494400024414062
127,429,0.0007441043853759766
127,2358,0.0018093585968017578
127,4115,0.004677295684814453
127,5610,0.0024864673614501953
127,7612,0.0030858516693115234
128,409,0.0007898807525634766
128,2417,0.0032999515533447266
128,4049,0.0019049644470214844
128,5684,0.0026237964630126953
128,7718,0.003362417221069336
129,397,0.0006968975067138672
129,2439,0.001424551010131836
129,4151,0.0020210742950439453
129,5753,0.002511739730834961
129,7869,0.0032663345336914062
130,411,0.0006856918334960938
130,2426,0.0013616085052490234
130,4213,0.0019652843475341797
130,5923,0.0025055408477783203
130,7979,0.0031175613403320312
131,424,0.0014908313751220703
131,2544,0.001802682876586914
131,4247,0.0019207000732421875
131,5898,0.0024633407592773438
131,8094,0.004410743713378906
132,423,0.0007410049438476562
132,2599,0.0015571117401123047
132,4421,0.0019736289978027344
132,6111,0.0026845932006835938
132,8244,0.0032584667205810547
133,445,0.000904083251953125
133,2602,0.0016183853149414062
133,4420,0.0019228458404541016
133,6125,0.002526998519897461
133,8350,0.00323486328125
134,440,0.0008478164672851562
134,2691,0.00191497802734375
134,4430,0.0019719600677490234
134,6279,0.002559661865234375
134,8449,0.0033044815063476562
135,460,0.0008280277252197266
135,2710,0.003313302993774414
135,4402,0.0020017623901367188
135,6276,0.0027246475219726562
135,8577,0.003589630126953125
136,465,0.0007171630859375
136,2785,0.0015218257904052734
136,4595,0.004694461822509766
136,6396,0.002645730972290039
136,8743,0.003308534622192383
137,487,0.0007596015930175781
137,2762,0.0015447139739990234
137,4689,0.002056121826171875
137,6508,0.002669811248779297
137,8833,0.003381490707397461
138,454,0.0007090568542480469
138,2818,0.0014927387237548828
138,4737,0.002119302749633789
138,6600,0.0026319026947021484
138,8949,0.003445148468017578
139,480,0.0007328987121582031
139,2920,0.0028717517852783203
139,4694,0.002093791961669922
139,6764,0.002702951431274414
139,9124,0.003392457962036133
140,481,0.0008869171142578125
140,2997,0.002215147018432617
140,4907,0.0021491050720214844
140,6906,0.0027577877044677734
140,9249,0.003412008285522461
141,476,0.0009281635284423828
141,2878,0.0028510093688964844
141,4969,0.002227306365966797
141,6889,0.0027544498443603516
141,9397,0.003624439239501953
142,506,0.0008258819580078125
142,2967,0.0017964839935302734
142,4955,0.002179861068725586
142,7001,0.0029213428497314453
142,9524,0.003523111343383789
143,485,0.0008814334869384766
143,2958,0.002534151077270508
143,5064,0.0031211376190185547
143,7087,0.0028514862060546875
143,9629,0.0036585330963134766
144,511,0.001004934310913086
144,3108,0.0016312599182128906
144,5181,0.0022232532501220703
144,7151,0.0028324127197265625
144,9768,0.0036537647247314453
145,513,0.0009663105010986328
145,3112,0.0016865730285644531
145,5204,0.0024640560150146484
145,7276,0.002893209457397461
145,9884,0.0043261051177978516
146,556,0.000827789306640625
146,3097,0.001615762710571289
146,5186,0.002294301986694336
146,7404,0.003133535385131836
146,10058,0.0038340091705322266
147,567,0.000804901123046875
147,3259,0.004503488540649414
147,5365,0.002412080764770508
147,7522,0.0035691261291503906
147,10193,0.003874063491821289
148,480,0.0009453296661376953
148,3317,0.001973390579223633
148,5477,0.0023984909057617188
148,7659,0.002996206283569336
148,10289,0.0039017200469970703
149,540,0.0009496212005615234
149,3273,0.001875162124633789
149,5542,0.0024068355560302734
149,7693,0.0037648677825927734
149,10492,0.0039861202239990234
150,529,0.0009036064147949219
150,3329,0.001779794692993164
150,5570,0.0024597644805908203
150,7854,0.00455164909362793
150,10577,0.003926515579223633
151,595,0.0009844303131103516
151,3535,0.0018570423126220703
151,5664,0.0025224685668945312
151,7821,0.0036568641662597656
151,10771,0.004131317138671875
152,598,0.0014262199401855469
152,3450,0.0017917156219482422
152,5826,0.002483844757080078
152,7940,0.0033485889434814453
152,10881,0.004036664962768555
153,586,0.0010216236114501953
153,3428,0.0018053054809570312
153,5800,0.002740144729614258
153,8126,0.003161191940307617
153,11042,0.004187583923339844
154,585,0.0015244483947753906
154,3519,0.002978801727294922
154,5904,0.0026023387908935547
154,8212,0.0031859874725341797
154,11176,0.0046465396881103516
154,567,0.0008029937744140625
155,3500,0.005217313766479492
155,5958,0.005210399627685547
155,8344,0.003913164138793945
155,11338,0.007508039474487305
156,626,0.0009095668792724609
156,3585,0.001861572265625
156,6036,0.0026803016662597656
156,8442,0.00347900390625
156,11497,0.005162954330444336
157,598,0.0018999576568603516
157,3717,0.002249479293823242
157,6094,0.0027675628662109375
157,8495,0.003503561019897461
157,11611,0.00434112548828125
158,594,0.0010771751403808594
158,3769,0.002177715301513672
158,6304,0.005588531494140625
158,8623,0.0034906864166259766
158,11793,0.004533529281616211
159,659,0.0012824535369873047
159,3745,0.0019478797912597656
159,6379,0.0027654170989990234
159,8782,0.006635904312133789
159,11948,0.0046460628509521484
160,639,0.0013260841369628906
160,3774,0.001982450485229492
160,6388,0.002758026123046875
160,8917,0.0036470890045166016
160,12107,0.004837512969970703
161,594,0.0011305809020996094
161,3759,0.002002716064453125
161,6472,0.0028426647186279297
161,8999,0.003688812255859375
161,12223,0.005602836608886719
162,626,0.0019452571868896484
162,3937,0.0019757747650146484
162,6602,0.002887725830078125
162,9121,0.0035552978515625
162,12363,0.004804134368896484
163,650,0.0008957386016845703
163,3894,0.002781391143798828
163,6575,0.0028061866760253906
163,9164,0.003650188446044922
163,12602,0.008684635162353516
164,666,0.0015559196472167969
164,3999,0.004418134689331055
164,6740,0.0029494762420654297
164,9276,0.0058557987213134766
164,12713,0.01664257049560547
165,719,0.0009663105010986328
165,4020,0.0020842552185058594
165,6803,0.002891063690185547
165,9418,0.00370025634765625
165,12877,0.0062901973724365234
166,681,0.0010406970977783203
166,4067,0.0021409988403320312
166,6828,0.0030438899993896484
166,9496,0.005860090255737305
166,13002,0.007676124572753906
167,719,0.0009927749633789062
167,4079,0.0021457672119140625
167,6874,0.0034651756286621094
167,9712,0.0038979053497314453
167,13157,0.004907369613647461
168,748,0.0012288093566894531
168,4157,0.003179311752319336
168,6952,0.003004312515258789
168,9904,0.003953218460083008
168,13337,0.005077838897705078
169,710,0.0011448860168457031
169,4249,0.0021893978118896484
169,7097,0.005216836929321289
169,9942,0.003947734832763672
169,13496,0.005177974700927734
170,731,0.0021097660064697266
170,4265,0.0029077529907226562
170,7263,0.003224611282348633
170,10122,0.005577802658081055
170,13626,0.0055654048919677734
171,695,0.0010187625885009766
171,4350,0.0024352073669433594
171,7283,0.0032248497009277344
171,10105,0.0054666996002197266
171,13758,0.008214950561523438
172,736,0.0014824867248535156
172,4396,0.002232789993286133
172,7264,0.0032074451446533203
172,10375,0.004456520080566406
172,13992,0.007250785827636719
173,758,0.003291606903076172
173,4455,0.002409696578979492
173,7396,0.004540443420410156
173,10431,0.004311561584472656
173,14107,0.0055828094482421875
174,767,0.001119852066040039
174,4517,0.00231170654296875
174,7547,0.0033059120178222656
174,10596,0.006822109222412109
174,14300,0.0057277679443359375
175,812,0.0014967918395996094
175,4474,0.0022575855255126953
175,7695,0.0032694339752197266
175,10662,0.004257678985595703
175,14467,0.005674600601196289
176,745,0.0019195079803466797
176,4551,0.0022954940795898438
176,7694,0.005620479583740234
176,10695,0.007495403289794922
176,14589,0.005930662155151367
177,776,0.0011680126190185547
177,4754,0.0024051666259765625
177,7859,0.003412485122680664
177,10964,0.004709482192993164
177,14824,0.006233692169189453
178,789,0.0011341571807861328
178,4770,0.0024733543395996094
178,7804,0.0038928985595703125
178,10980,0.004607200622558594
178,14966,0.006124258041381836
179,824,0.0011548995971679688
179,4811,0.0025043487548828125
179,7912,0.003522157669067383
179,11160,0.004654645919799805
179,15142,0.00636601448059082
180,786,0.0011682510375976562
180,4912,0.002866029739379883
180,8001,0.003625154495239258
180,11177,0.012415885925292969
180,15252,0.006438732147216797
181,759,0.0010809898376464844
181,4940,0.0026988983154296875
181,8194,0.0036783218383789062
181,11471,0.004582405090332031
181,15480,0.005910396575927734
182,795,0.0011320114135742188
182,4963,0.0025229454040527344
182,8247,0.004083395004272461
182,11588,0.0045757293701171875
182,15682,0.006459951400756836
183,815,0.0014481544494628906
183,4994,0.002480745315551758
183,8396,0.0035371780395507812
183,11795,0.00474095344543457
183,15787,0.006122112274169922
184,828,0.00116729736328125
184,5072,0.0025076866149902344
184,8431,0.003590106964111328
184,11887,0.004729032516479492
184,15930,0.00610661506652832
185,849,0.0011436939239501953
185,5076,0.002554655075073242
185,8367,0.0036497116088867188
185,11967,0.006379604339599609
185,16198,0.007336139678955078
186,862,0.0011959075927734375
186,5130,0.0025649070739746094
186,8572,0.0036611557006835938
186,12076,0.0048825740814208984
186,16311,0.007424592971801758
187,865,0.001154184341430664
187,5252,0.0038068294525146484
187,8780,0.004162788391113281
187,12241,0.005598545074462891
187,16553,0.007361173629760742
188,831,0.0012555122375488281
188,5331,0.00401616096496582
188,8802,0.003885030746459961
188,12338,0.005017280578613281
188,16712,0.006384134292602539
189,860,0.0012128353118896484
189,5220,0.0026721954345703125
189,8762,0.0037436485290527344
189,12411,0.0050089359283447266
189,16871,0.006632566452026367
190,929,0.0013384819030761719
190,5404,0.0038957595825195312
190,9059,0.005881309509277344
190,12540,0.00513768196105957
190,17075,0.0066983699798583984
191,871,0.0013537406921386719
191,5475,0.0027332305908203125
191,8998,0.0038785934448242188
191,12715,0.005470752716064453
191,17242,0.006588459014892578
192,913,0.0012712478637695312
192,5544,0.002694368362426758
192,9149,0.003827810287475586
192,12862,0.005294084548950195
192,17423,0.006580829620361328
193,929,0.0014901161193847656
193,5653,0.002711772918701172
193,9270,0.003845691680908203
193,12913,0.0052030086517333984
193,17544,0.007256507873535156
194,951,0.00119781494140625
194,5597,0.002953767776489258
194,9378,0.004109382629394531
194,12969,0.005172014236450195
194,17764,0.007039308547973633
195,978,0.0012309551239013672
195,5571,0.0040721893310546875
195,9374,0.003918647766113281
195,13226,0.005339622497558594
195,17949,0.006841421127319336
196,938,0.0012333393096923828
196,5789,0.0030434131622314453
196,9516,0.0040361881256103516
196,13322,0.005450010299682617
196,18137,0.007479667663574219
197,959,0.0012700557708740234
197,5725,0.002732515335083008
197,9591,0.004503011703491211
197,13531,0.006228446960449219
197,18323,0.006978273391723633
198,942,0.0013475418090820312
198,5828,0.0028510093688964844
198,9672,0.0040569305419921875
198,13743,0.005408763885498047
198,18573,0.00785374641418457
199,958,0.0012481212615966797
199,5963,0.002885103225708008
199,9797,0.004172086715698242
199,13742,0.0065534114837646484
199,18725,0.008486509323120117
200,1000,0.0023026466369628906
200,5926,0.003006458282470703
200,9977,0.004304170608520508
200,13949,0.005547523498535156
200,18909,0.007257223129272461
201,974,0.0014777183532714844
201,6070,0.0029783248901367188
201,9989,0.004194498062133789
201,14118,0.005774021148681641
201,19074,0.007388591766357422
202,1026,0.0013382434844970703
202,6078,0.0029540061950683594
202,10125,0.0046198368072509766
202,14237,0.010550975799560547
202,19314,0.014204263687133789
203,985,0.002401590347290039
203,6187,0.0036132335662841797
203,10263,0.0068814754486083984
203,14437,0.00985097885131836
203,19461,0.02955174446105957
204,1037,0.0018649101257324219
204,6257,0.003036975860595703
204,10343,0.004422903060913086
204,14405,0.006014108657836914
204,19701,0.009031057357788086
205,1116,0.0022253990173339844
205,6205,0.004816293716430664
205,10360,0.0050029754638671875
205,14599,0.0061550140380859375
205,19899,0.008100271224975586
206,1026,0.0013670921325683594
206,6271,0.0031418800354003906
206,10702,0.004773139953613281
206,14723,0.006044626235961914
206,20022,0.008406877517700195
207,1141,0.0013988018035888672
207,6430,0.003323793411254883
207,10653,0.024673938751220703
207,14933,0.006445884704589844
207,20275,0.008453845977783203
208,1126,0.0014443397521972656
208,6486,0.003297090530395508
208,10703,0.004537820816040039
208,15145,0.0061016082763671875
208,20487,0.008023738861083984
209,1193,0.0014622211456298828
209,6430,0.003212451934814453
209,10800,0.004648685455322266
209,15187,0.01512908935546875
209,20647,0.008046865463256836
210,1046,0.0013210773468017578
210,6684,0.0034737586975097656
210,10965,0.0070323944091796875
210,15269,0.00617218017578125
210,20798,0.008371591567993164
211,1107,0.0013701915740966797
211,6752,0.0032143592834472656
211,11196,0.012294530868530273
211,15499,0.010696649551391602
211,21160,0.0272979736328125
212,1088,0.0028314590454101562
212,6835,0.003313302993774414
212,10995,0.004616260528564453
212,15636,0.006249427795410156
212,21263,0.009521007537841797
213,1153,0.0014965534210205078
213,6749,0.015161752700805664
213,11265,0.004819631576538086
213,15833,0.006354808807373047
213,21418,0.00833749771118164
214,1182,0.0015268325805664062
214,6738,0.0031995773315429688
214,11506,0.00476837158203125
214,15902,0.006261110305786133
214,21612,0.008377790451049805
215,1172,0.001497507095336914
215,6963,0.0033578872680664062
215,11431,0.004807472229003906
215,16008,0.012830972671508789
215,21867,0.00897359848022461
216,1126,0.0023660659790039062
216,6985,0.0033960342407226562
216,11597,0.004785776138305664
216,16416,0.006445646286010742
216,22048,0.008641719818115234
217,1170,0.0016400814056396484
217,7002,0.0032889842987060547
217,11797,0.004993438720703125
217,16228,0.006992340087890625
217,22246,0.008601665496826172
218,1218,0.0014579296112060547
218,7012,0.0034236907958984375
218,11925,0.00491642951965332
218,16581,0.006751298904418945
218,22473,0.008748054504394531
219,1208,0.0014944076538085938
219,7212,0.0033919811248779297
219,11987,0.004946231842041016
219,16808,0.006562232971191406
219,22721,0.009032011032104492
220,1212,0.0015230178833007812
220,7176,0.003338336944580078
220,12146,0.004963397979736328
220,16903,0.006823062896728516
220,22888,0.009100914001464844
221,1179,0.0015087127685546875
221,7245,0.0034286975860595703
221,12183,0.00510716438293457
221,17027,0.006582736968994141
221,23064,0.009087324142456055
222,1226,0.0014567375183105469
222,7340,0.0034322738647460938
222,12269,0.005213022232055664
222,17124,0.00662541389465332
222,23266,0.00901174545288086
223,1243,0.001470804214477539
223,7419,0.0034265518188476562
223,12371,0.005101919174194336
223,17213,0.00674748420715332
223,23447,0.009756803512573242
224,1242,0.0014760494232177734
224,7509,0.003464937210083008
224,12434,0.005156278610229492
224,17492,0.006860017776489258
224,23733,0.009232044219970703
225,1238,0.0015139579772949219
225,7655,0.003504514694213867
225,12545,0.005152702331542969
225,17644,0.00693058967590332
225,23918,0.009474754333496094
226,1236,0.0015115737915039062
226,7704,0.0035843849182128906
226,12728,0.005140542984008789
226,17751,0.006788015365600586
226,24124,0.009591102600097656
227,1338,0.0016262531280517578
227,7800,0.0036253929138183594
227,12760,0.005074024200439453
227,17979,0.007231950759887695
227,24360,0.009378433227539062
228,1307,0.0015304088592529297
228,7700,0.0036859512329101562
228,13002,0.005509138107299805
228,18053,0.007569313049316406
228,24522,0.00991058349609375
229,1262,0.001565694808959961
229,7810,0.003724813461303711
229,12969,0.005526304244995117
229,18250,0.007677316665649414
229,24790,0.010170459747314453
230,1353,0.0016629695892333984
230,7922,0.003980875015258789
230,13260,0.005696773529052734
230,18317,0.008314132690429688
230,25003,0.010718107223510742
231,1394,0.0016918182373046875
231,7929,0.0039517879486083984
231,13173,0.005589485168457031
231,18574,0.0073413848876953125
231,25255,0.0099334716796875
232,1358,0.0016393661499023438
232,7975,0.0038995742797851562
232,13317,0.0054912567138671875
232,18729,0.007568836212158203
232,25443,0.010127782821655273
233,1315,0.0016252994537353516
233,8086,0.003770112991333008
233,13570,0.005623340606689453
233,18948,0.0074727535247802734
233,25656,0.010078668594360352
234,1359,0.0016067028045654297
234,8202,0.0038182735443115234
234,13504,0.005724668502807617
234,19003,0.007595539093017578
234,25883,0.010701179504394531
235,1496,0.0016508102416992188
235,8189,0.0038378238677978516
235,13904,0.005518674850463867
235,19229,0.007330656051635742
235,26156,0.010337352752685547
236,1363,0.0016744136810302734
236,8226,0.003742694854736328
236,13768,0.005670309066772461
236,19419,0.00772404670715332
236,26386,0.010420799255371094
237,1352,0.0015735626220703125
237,8444,0.003869771957397461
237,13995,0.005805015563964844
237,19666,0.007740020751953125
237,26522,0.010314464569091797
238,1382,0.0016982555389404297
238,8450,0.0039052963256835938
238,14106,0.005754947662353516
238,19739,0.007678031921386719
238,26823,0.010578155517578125
239,1421,0.0016295909881591797
239,8459,0.0037627220153808594
239,14224,0.00581812858581543
239,19901,0.007800579071044922
239,27024,0.010504007339477539
240,1433,0.001649618148803711
240,8747,0.00400233268737793
240,14324,0.005889892578125
240,20131,0.008141756057739258
240,27212,0.01060175895690918
241,1345,0.001634359359741211
241,8649,0.003916025161743164
241,14502,0.005892515182495117
241,20217,0.008104562759399414
241,27428,0.011934518814086914
242,1389,0.0027751922607421875
242,8908,0.004249095916748047
242,14496,0.0058841705322265625
242,20398,0.007994890213012695
242,27651,0.010615348815917969
243,1534,0.001722574234008789
243,8835,0.0041446685791015625
243,14675,0.00601649284362793
243,20677,0.00838780403137207
243,27903,0.01104593276977539
244,1484,0.0016665458679199219
244,9010,0.004121065139770508
244,14885,0.006070375442504883
244,20712,0.00818324089050293
244,28174,0.010872602462768555
245,1487,0.001748800277709961
245,8992,0.0041675567626953125
245,14753,0.005843639373779297
245,21035,0.008093118667602539
245,28374,0.011187553405761719
246,1539,0.0018041133880615234
246,9150,0.004641532897949219
246,15102,0.006102800369262695
246,21107,0.008641958236694336
246,28667,0.011445283889770508
247,1557,0.0017879009246826172
247,9156,0.004420280456542969
247,15198,0.006838798522949219
247,21410,0.009270429611206055
247,28857,0.01165151596069336
248,1611,0.0033316612243652344
248,9175,0.004453420639038086
248,15365,0.0069653987884521484
248,21431,0.009661674499511719
248,29073,0.01337742805480957
249,1483,0.001773834228515625
249,9103,0.004289865493774414
249,15355,0.00652623176574707
249,21754,0.00905609130859375
249,29272,0.011958122253417969
250,1527,0.002770662307739258
250,9362,0.004839181900024414
250,15645,0.01642775535583496
250,21772,0.019397735595703125
250,29478,0.011665582656860352
251,1654,0.0018303394317626953
251,9412,0.004189491271972656
251,15653,0.0064547061920166016
251,21907,0.008945226669311523
251,29785,0.011677980422973633
252,1610,0.001796722412109375
252,9433,0.005774259567260742
252,15898,0.0062940120697021484
252,22246,0.008993148803710938
252,30011,0.011688947677612305
253,1592,0.001882791519165039
253,9589,0.0043528079986572266
253,15894,0.006273746490478516
253,22444,0.008874177932739258
253,30295,0.011904001235961914
254,1667,0.0018231868743896484
254,9736,0.004328489303588867
254,16045,0.006515979766845703
254,22574,0.00874018669128418
254,30573,0.011993885040283203
255,1582,0.001781463623046875
255,9755,0.004748106002807617
255,16152,0.006574392318725586
255,22600,0.008880853652954102
255,30738,0.012215614318847656
256,1634,0.001928567886352539
256,9821,0.013542413711547852
256,16404,0.0065348148345947266
256,22785,0.04382205009460449
256,31023,0.013356208801269531
257,1630,0.002416372299194336
257,9770,0.004307270050048828
257,16378,0.006575584411621094
257,23030,0.009223461151123047
257,31239,0.01255488395690918
258,1675,0.002002716064453125
258,9938,0.0043926239013671875
258,16462,0.006709575653076172
258,23140,0.009192228317260742
258,31526,0.013649463653564453
259,1654,0.005289554595947266
259,10040,0.004848957061767578
259,16826,0.006684064865112305
259,23353,0.009118795394897461
259,31739,0.012541055679321289
260,1680,0.0018801689147949219
260,10185,0.004591703414916992
260,16826,0.006761312484741211
260,23523,0.009271860122680664
260,31977,0.012354135513305664
261,1671,0.0018477439880371094
261,10109,0.004434823989868164
261,16941,0.006695270538330078
261,23621,0.009360790252685547
261,32199,0.012681722640991211
262,1701,0.0018804073333740234
262,10128,0.004456520080566406
262,17237,0.006845951080322266
262,23966,0.009638786315917969
262,32509,0.012793302536010742
263,1679,0.0019435882568359375
263,10363,0.004541873931884766
263,17222,0.006921291351318359
263,24088,0.009568929672241211
263,32663,0.012814521789550781
264,1742,0.0020859241485595703
264,10422,0.0044994354248046875
264,17360,0.006819963455200195
264,24411,0.009666681289672852
264,33008,0.01333928108215332
265,1728,0.0019364356994628906
265,10283,0.0045206546783447266
265,17551,0.0069615840911865234
265,24409,0.009712457656860352
265,33211,0.013114690780639648
266,1796,0.002022266387939453
266,10515,0.0045795440673828125
266,17688,0.007081508636474609
266,24757,0.00980234146118164
266,33471,0.013149023056030273
267,1743,0.0020034313201904297
267,10709,0.0051305294036865234
267,17793,0.007193565368652344
267,24802,0.009764909744262695
267,33786,0.013327360153198242
268,1737,0.001949310302734375
268,10660,0.004667758941650391
268,17924,0.007135152816772461
268,25059,0.010043859481811523
268,34012,0.013583660125732422
269,1842,0.0020241737365722656
269,10825,0.004773855209350586
269,18162,0.0071887969970703125
269,25028,0.010521411895751953
269,34260,0.013776063919067383
270,1747,0.0019614696502685547
270,10920,0.004762172698974609
270,18142,0.007172346115112305
270,25478,0.010124921798706055
270,34547,0.013579845428466797
271,1880,0.0020771026611328125
271,10965,0.004808664321899414
271,18440,0.007469654083251953
271,25656,0.010091066360473633
271,34721,0.014072895050048828
272,1857,0.002034902572631836
272,11146,0.00484919548034668
272,18425,0.007283449172973633
272,25753,0.010271549224853516
272,35000,0.014590740203857422
273,1794,0.002979755401611328
273,11074,0.004789113998413086
273,18514,0.007349967956542969
273,25933,0.010266304016113281
273,35235,0.014062643051147461
274,1924,0.002190113067626953
274,11241,0.00490117073059082
274,18889,0.007578611373901367
274,26311,0.010485649108886719
274,35539,0.01421356201171875
275,1861,0.0021104812622070312
275,11265,0.004846811294555664
275,18759,0.007548093795776367
275,26148,0.01044011116027832
275,35759,0.014493227005004883
276,1838,0.002102375030517578
276,11473,0.005205392837524414
276,18853,0.007566213607788086
276,26431,0.010602235794067383
276,36061,0.01441645622253418
277,1918,0.002117156982421875
277,11485,0.004945993423461914
277,19087,0.007615804672241211
277,26699,0.010719060897827148
277,36271,0.01442098617553711
278,1927,0.0032100677490234375
278,11674,0.00509953498840332
278,19150,0.007592439651489258
278,26981,0.01076817512512207
278,36600,0.014695882797241211
279,2005,0.002183198928833008
279,11493,0.004994630813598633
279,19499,0.0077970027923583984
279,27302,0.01093435287475586
279,36824,0.014745235443115234
280,1997,0.0021598339080810547
280,11721,0.005089759826660156
280,19581,0.008906841278076172
280,27272,0.011452436447143555
280,37111,0.015359640121459961
281,1920,0.0022008419036865234
281,11764,0.005280733108520508
281,19575,0.008570671081542969
281,27668,0.011854887008666992
281,37364,0.01649332046508789
282,1990,0.0025484561920166016
282,11993,0.005382537841796875
282,19976,0.008201837539672852
282,27815,0.01136159896850586
282,37681,0.015213489532470703
283,1984,0.002155780792236328
283,11925,0.005165576934814453
283,19877,0.008112668991088867
283,28114,0.011314153671264648
283,37982,0.015306711196899414
284,2025,0.0021696090698242188
284,11950,0.005190849304199219
284,20010,0.007914066314697266
284,28151,0.01130223274230957
284,38191,0.015318870544433594
285,1982,0.003323793411254883
285,12195,0.005228519439697266
285,20283,0.008258581161499023
285,28300,0.011351585388183594
285,38522,0.015384435653686523
286,2016,0.002238035202026367
286,12003,0.005347490310668945
286,20240,0.008473396301269531
286,28566,0.011590242385864258
286,38766,0.01573777198791504
287,2123,0.0022864341735839844
287,12266,0.005269289016723633
287,20564,0.008306741714477539
287,28682,0.011609077453613281
287,39022,0.01613163948059082
288,2073,0.002317667007446289
288,12256,0.005258083343505859
288,20772,0.011086702346801758
288,28866,0.028206825256347656
288,39246,0.019914865493774414
289,2061,0.002429962158203125
289,12525,0.005512237548828125
289,20817,0.008361101150512695
289,29182,0.012065887451171875
289,39527,0.016115188598632812
290,2170,0.002294301986694336
290,12401,0.005365848541259766
290,20913,0.008466243743896484
290,29222,0.012481212615966797
290,39774,0.03258228302001953
291,2193,0.003229379653930664
291,12496,0.005934476852416992
291,21167,0.011643648147583008
291,29443,0.028551816940307617
291,40096,0.021948575973510742
292,2166,0.003040790557861328
292,12844,0.015000581741333008
292,21230,0.009782075881958008
292,29760,0.013416528701782227
292,40315,0.017505168914794922
293,2141,0.002450227737426758
293,12896,0.006035804748535156
293,21354,0.009337186813354492
293,30005,0.01399850845336914
293,40639,0.022129535675048828
294,2207,0.002652883529663086
294,12994,0.005864143371582031
294,21544,0.010005950927734375
294,30197,0.012464284896850586
294,40958,0.01687312126159668
295,2191,0.00240325927734375
295,12994,0.006201267242431641
295,21614,0.00932765007019043
295,30346,0.012609243392944336
295,41222,0.022770404815673828
296,2191,0.0024077892303466797
296,13011,0.0057735443115234375
296,21874,0.008985280990600586
296,30458,0.012863874435424805
296,41477,0.01707291603088379
297,2224,0.0024967193603515625
297,13119,0.005662202835083008
297,21888,0.008976221084594727
297,30821,0.0126190185546875
297,41807,0.01737356185913086
298,2225,0.0025587081909179688
298,13243,0.0056667327880859375
298,22213,0.013497591018676758
298,30830,0.012665271759033203
298,42054,0.017098188400268555
299,2180,0.0024445056915283203
299,13397,0.006175041198730469
299,22205,0.009033679962158203
299,31013,0.012755155563354492
299,42305,0.01734638214111328
300,2218,0.002480030059814453
300,13372,0.005742549896240234
300,22322,0.009131908416748047
300,31389,0.013532400131225586
300,42605,0.0175020694732666
301,2325,0.0024459362030029297
301,13554,0.005850315093994141
301,22449,0.00911259651184082
301,31558,0.012906074523925781
301,42874,0.017499208450317383
302,2287,0.002457141876220703
302,13590,0.005811929702758789
302,22508,0.00931096076965332
302,31863,0.01297760009765625
302,43185,0.018158674240112305
303,2277,0.0025501251220703125
303,13643,0.006013393402099609
303,22620,0.011110305786132812
303,32045,0.013585567474365234
303,43481,0.020209312438964844
304,2272,0.0025904178619384766
304,13822,0.008936882019042969
304,23014,0.021066904067993164
304,32149,0.015466928482055664
304,43774,0.018322467803955078
305,2326,0.003675699234008789
305,13971,0.006281614303588867
305,23009,0.009754419326782227
305,32490,0.013258934020996094
305,44115,0.018293380737304688
306,2389,0.002570629119873047
306,13985,0.006218671798706055
306,23495,0.00996541976928711
306,32761,0.013602972030639648
306,44386,0.018584012985229492
307,2352,0.002543210983276367
307,14249,0.006205320358276367
307,23461,0.009700536727905273
307,32870,0.013629674911499023
307,44575,0.018446922302246094
308,2432,0.0026009082794189453
308,14146,0.011128902435302734
308,23536,0.011126279830932617
308,32831,0.01577615737915039
308,44928,0.01873493194580078
309,2404,0.006834506988525391
309,14164,0.008351564407348633
309,23835,0.010193347930908203
309,33421,0.014008283615112305
309,45203,0.019526004791259766
310,2480,0.0027246475219726562
310,14473,0.006549358367919922
310,23990,0.010285139083862305
310,33661,0.0307619571685791
310,45497,0.02050185203552246
311,2449,0.004186868667602539
311,14455,0.009573698043823242
311,24258,0.023731231689453125
311,33711,0.031479835510253906
311,45802,0.04587697982788086
312,2446,0.003621816635131836
312,14653,0.00880885124206543
312,24339,0.012766122817993164
312,34012,0.022593259811401367
312,46100,0.020707130432128906
313,2459,0.002982616424560547
313,14825,0.007358074188232422
313,24381,0.01145315170288086
313,34067,0.015505552291870117
313,46439,0.020923137664794922
314,2398,0.004451274871826172
314,14997,0.009166479110717773
314,24705,0.011218070983886719
314,34256,0.015242338180541992
314,46704,0.02080392837524414
315,2501,0.0029077529907226562
315,15072,0.006814479827880859
315,24524,0.010992288589477539
315,34625,0.015031576156616211
315,46978,0.02071666717529297
316,2559,0.002704620361328125
316,14911,0.006713390350341797
316,24995,0.01159048080444336
316,34722,0.016117334365844727
316,47280,0.027356386184692383
317,2552,0.0027246475219726562
317,14950,0.007349729537963867
317,25145,0.0110015869140625
317,34987,0.015462875366210938
317,47647,0.020708560943603516
318,2559,0.0027234554290771484
318,15091,0.0071561336517333984
318,25223,0.011699438095092773
318,35312,0.01565408706665039
318,47858,0.020999908447265625
319,2555,0.0026907920837402344
319,15114,0.007295370101928711
319,25278,0.011126518249511719
319,35373,0.016459226608276367
319,48126,0.021346569061279297
320,2601,0.002863645553588867
320,15235,0.0066645145416259766
320,25447,0.011556386947631836
320,35630,0.015476465225219727
320,48521,0.02145671844482422
321,2603,0.0029976367950439453
321,15470,0.007018089294433594
321,25677,0.012173175811767578
321,36067,0.030714988708496094
321,48798,0.021611452102661133
322,2621,0.0028252601623535156
322,15639,0.0070111751556396484
322,25746,0.019069433212280273
322,36202,0.016533613204956055
322,49162,0.022158384323120117
323,2635,0.002756834030151367
323,15651,0.007115602493286133
323,25872,0.012547969818115234
323,36320,0.029223918914794922
323,49419,0.021891355514526367
324,2652,0.002813577651977539
324,15659,0.007187366485595703
324,26149,0.011785268783569336
324,36705,0.016780614852905273
324,49688,0.022069215774536133
325,2540,0.002767324447631836
325,15703,0.007758617401123047
325,26283,0.011665821075439453
325,36830,0.01645064353942871
325,50030,0.022129058837890625
326,2772,0.0028581619262695312
326,16046,0.0071523189544677734
326,26432,0.014116287231445312
326,37155,0.01685047149658203
326,50399,0.02216815948486328
327,2641,0.002894163131713867
327,15853,0.007513761520385742
327,26519,0.011844873428344727
327,37323,0.016939401626586914
327,50606,0.022480487823486328
328,2660,0.0028634071350097656
328,15899,0.007710456848144531
328,26625,0.011849164962768555
328,37591,0.016433000564575195
328,50961,0.022800683975219727
329,2715,0.003282785415649414
329,16241,0.00757288932800293
329,27008,0.012346982955932617
329,37720,0.017133712768554688
329,51321,0.02288508415222168
330,2765,0.002950906753540039
330,16218,0.007487297058105469
330,27310,0.011926889419555664
330,37886,0.016306400299072266
330,51556,0.02278590202331543
331,2651,0.003005504608154297
331,16326,0.007279872894287109
331,27244,0.012414693832397461
331,38417,0.01729750633239746
331,52015,0.022893905639648438
332,2704,0.0029382705688476562
332,16339,0.007341861724853516
332,27435,0.012334585189819336
332,38394,0.01727581024169922
332,52151,0.024206876754760742
333,2662,0.003185272216796875
333,16578,0.008335590362548828
333,27508,0.01327967643737793
333,38625,0.01805877685546875
333,52518,0.025093793869018555
334,2831,0.003124237060546875
334,16621,0.008133172988891602
334,27919,0.012758731842041016
334,38921,0.01739335060119629
334,52793,0.02354288101196289
335,2778,0.0029387474060058594
335,16640,0.00772857666015625
335,27838,0.01260685920715332
335,39246,0.01720738410949707
335,53157,0.023572683334350586
336,2828,0.003376007080078125
336,16835,0.007928609848022461
336,28027,0.013000726699829102
336,39300,0.03551435470581055
336,53437,0.023497819900512695
337,2891,0.003000974655151367
337,17215,0.014755010604858398
337,28521,0.012452840805053711
337,39721,0.017657995223999023
337,53875,0.024178504943847656
338,2862,0.003014802932739258
338,17162,0.007922172546386719
338,28464,0.013282537460327148
338,39810,0.018145322799682617
338,54080,0.025360584259033203
339,2781,0.0029859542846679688
339,17260,0.008301258087158203
339,28600,0.012624263763427734
339,40171,0.018145084381103516
339,54522,0.024830102920532227
340,2962,0.003409147262573242
340,17186,0.007576704025268555
340,28802,0.013288021087646484
340,40373,0.017534732818603516
340,54730,0.024550437927246094
341,2867,0.003020048141479492
341,17319,0.00809335708618164
341,29053,0.015009403228759766
341,40720,0.03340506553649902
341,55123,0.04408836364746094
342,2996,0.0031905174255371094
342,17368,0.00841665267944336
342,29101,0.02315807342529297
342,40996,0.021106719970703125
342,55358,0.03997182846069336
343,2836,0.0031309127807617188
343,17723,0.02021622657775879
343,29284,0.014743328094482422
343,41002,0.02197885513305664
343,55704,0.026197433471679688
344,2932,0.0031845569610595703
344,17640,0.008394479751586914
344,29497,0.020406484603881836
344,41282,0.018716812133789062
344,56009,0.02450251579284668
345,2871,0.0030660629272460938
345,17864,0.007681608200073242
345,29551,0.014234066009521484
345,41576,0.01908087730407715
345,56457,0.025434494018554688
346,3002,0.0031163692474365234
346,17890,0.008172273635864258
346,30006,0.013421058654785156
346,41762,0.019738435745239258
346,56789,0.0413508415222168
347,2977,0.0049021244049072266
347,18154,0.015377521514892578
347,30022,0.013053417205810547
347,41965,0.05474042892456055
347,57079,0.02441120147705078
348,2996,0.0031995773315429688
348,18161,0.008474349975585938
348,30261,0.013179302215576172
348,42571,0.03947305679321289
348,57368,0.04254412651062012
349,3063,0.00413823127746582
349,18290,0.011580705642700195
349,30365,0.013636350631713867
349,42387,0.03761768341064453
349,57720,0.02564239501953125
350,3118,0.003509044647216797
350,18241,0.009160757064819336
350,30656,0.016968250274658203
350,42746,0.02614736557006836
350,57989,0.02607107162475586
351,3106,0.0032317638397216797
351,18345,0.008166074752807617
351,30470,0.013372421264648438
351,42995,0.018714189529418945
351,58284,0.025203704833984375
352,3075,0.0031540393829345703
352,18399,0.008046388626098633
352,30956,0.01531982421875
352,43099,0.04715371131896973
352,58719,0.02652597427368164
353,3059,0.003236055374145508
353,18742,0.008469820022583008
353,31026,0.0138397216796875
353,43499,0.01929926872253418
353,59069,0.026166200637817383
354,3203,0.0032591819763183594
354,18802,0.00818324089050293
354,31314,0.013578414916992188
354,43701,0.01862955093383789
354,59369,0.025462865829467773
355,3157,0.00916600227355957
355,18712,0.00829458236694336
355,31399,0.01386713981628418
355,44241,0.0196378231048584
355,59729,0.026139020919799805
356,3152,0.003281831741333008
356,19174,0.008610248565673828
356,31607,0.013655662536621094
356,44129,0.02252817153930664
356,60007,0.04739189147949219
357,3178,0.003415822982788086
357,19141,0.010567903518676758
357,31701,0.013863325119018555
357,44414,0.019242286682128906
357,60402,0.02777838706970215
358,3272,0.0033521652221679688
358,19132,0.016745328903198242
358,31918,0.016501903533935547
358,44611,0.019585371017456055
358,60716,0.0260312557220459
359,3246,0.003348112106323242
359,19176,0.00839853286743164
359,31893,0.018204212188720703
359,44917,0.04607987403869629
359,61161,0.026737213134765625
360,3310,0.0033774375915527344
360,19308,0.008574247360229492
360,32211,0.02878546714782715
360,45341,0.02003169059753418
360,61398,0.026360511779785156
361,3298,0.0033833980560302734
361,19608,0.009771347045898438
361,32677,0.014729022979736328
361,45581,0.042034149169921875
361,61671,0.036750078201293945
362,3209,0.004900693893432617
362,19820,0.020485401153564453
362,32657,0.021474361419677734
362,45790,0.03156423568725586
362,62096,0.04309225082397461
363,3249,0.005173683166503906
363,19598,0.012046337127685547
363,32849,0.021533489227294922
363,46166,0.03335690498352051
363,62379,0.043666839599609375
364,3336,0.004528999328613281
364,19880,0.014589071273803711
364,32886,0.0223848819732666
364,46294,0.031888484954833984
364,62793,0.0451962947845459
365,3293,0.0038611888885498047
365,19825,0.015091419219970703
365,33086,0.023888587951660156
365,46613,0.033525705337524414
365,63172,0.03200888633728027
366,3312,0.0041217803955078125
366,20202,0.05782771110534668
366,33247,0.019672393798828125
366,46847,0.036459922790527344
366,63477,0.02852487564086914
367,3262,0.0033905506134033203
367,20403,0.010174036026000977
367,33596,0.014874696731567383
367,46926,0.03401041030883789
367,63734,0.027942419052124023
368,3337,0.0035333633422851562
368,20147,0.009153366088867188
368,33818,0.028297901153564453
368,47412,0.020601272583007812
368,64188,0.027874469757080078
369,3436,0.003592252731323242
369,20179,0.008825540542602539
369,34076,0.015147686004638672
369,47420,0.03559565544128418
369,64528,0.04560208320617676
370,3475,0.008417367935180664
370,20537,0.020913124084472656
370,33906,0.01610088348388672
370,47760,0.022936582565307617
370,64813,0.029067039489746094
371,3383,0.0040438175201416016
371,20626,0.01777052879333496
371,34293,0.015156745910644531
371,48223,0.02107548713684082
371,65202,0.02850961685180664
372,3460,0.0036163330078125
372,20683,0.010628700256347656
372,34274,0.015193939208984375
372,48397,0.021784305572509766
372,65526,0.028629779815673828
373,3462,0.003513813018798828
373,20802,0.009512662887573242
373,34847,0.016942262649536133
373,48555,0.044645071029663086
373,65848,0.029541492462158203
374,3563,0.0035543441772460938
374,20883,0.00924992561340332
374,34642,0.015247106552124023
374,48842,0.0746772289276123
374,66247,0.03404808044433594
375,3624,0.003926992416381836
375,20820,0.01413726806640625
375,34943,0.029257774353027344
375,49173,0.03728747367858887
375,66628,0.03888440132141113
376,3573,0.0039784908294677734
376,20927,0.016111135482788086
376,35567,0.016086578369140625
376,49267,0.02170538902282715
376,66918,0.02924823760986328
377,3515,0.0036110877990722656
377,21408,0.009456872940063477
377,35339,0.01577448844909668
377,49782,0.022075653076171875
377,67360,0.03506660461425781
378,3619,0.0036361217498779297
378,21325,0.01080179214477539
378,35517,0.015624284744262695
378,49793,0.02197742462158203
378,67603,0.029761314392089844
379,3538,0.00377655029296875
379,21414,0.00915384292602539
379,35786,0.015705585479736328
379,50130,0.022007465362548828
379,68078,0.09604763984680176
380,3651,0.016273021697998047
380,21787,0.019171953201293945
380,36123,0.021412134170532227
380,50525,0.02264547348022461
380,68416,0.029817819595336914
381,3676,0.003755331039428711
381,21692,0.009912729263305664
381,36092,0.019617557525634766
381,51100,0.022938966751098633
381,68793,0.030818939208984375
382,3789,0.003822803497314453
382,21790,0.009961605072021484
382,36596,0.016243934631347656
382,50992,0.02238321304321289
382,69113,0.03238248825073242
383,3618,0.006379842758178711
383,21942,0.010102272033691406
383,36466,0.016176700592041016
383,51290,0.02375006675720215
383,69500,0.03129267692565918
384,3593,0.0038022994995117188
384,22033,0.010146617889404297
384,36843,0.024573802947998047
384,51364,0.023701906204223633
384,69877,0.03228306770324707
385,3681,0.0036923885345458984
385,22198,0.009742259979248047
385,37054,0.016520977020263672
385,51936,0.023453712463378906
385,70368,0.0323030948638916
386,3644,0.003754138946533203
386,22284,0.010701179504394531
386,37226,0.017871379852294922
386,52062,0.02456498146057129
386,70575,0.03408646583557129
387,3710,0.003972530364990234
387,22293,0.010254144668579102
387,37722,0.016691923141479492
387,52113,0.02357625961303711
387,70868,0.03172588348388672
388,3856,0.003863096237182617
388,22467,0.009979963302612305
388,37754,0.016771554946899414
388,52561,0.023639678955078125
388,71300,0.03173017501831055
389,3755,0.003836393356323242
389,22749,0.010147809982299805
389,37674,0.01673579216003418
389,52723,0.02317976951599121
389,71715,0.032238006591796875
390,3807,0.0038237571716308594
390,22772,0.010725021362304688
390,37774,0.017136812210083008
390,53063,0.02397775650024414
390,72018,0.03213167190551758
391,3802,0.0038390159606933594
391,23034,0.010289669036865234
391,38169,0.01753377914428711
391,53478,0.024141788482666016
391,72351,0.03267979621887207
392,3741,0.0037841796875
392,23178,0.010288000106811523
392,38180,0.017378568649291992
392,53804,0.024102449417114258
392,72756,0.03457784652709961
393,3853,0.004123210906982422
393,23074,0.01133584976196289
393,38583,0.018380165100097656
393,54144,0.02413201332092285
393,73209,0.0325624942779541
394,3874,0.003979682922363281
394,23482,0.010369300842285156
394,38650,0.017296791076660156
394,54397,0.02422189712524414
394,73603,0.032527923583984375
395,3740,0.003840208053588867
395,23209,0.010348796844482422
395,38519,0.0172421932220459
395,54525,0.024193286895751953
395,73862,0.03294062614440918
396,3770,0.0038819313049316406
396,23455,0.010104179382324219
396,39092,0.017357349395751953
396,54677,0.024378061294555664
396,74242,0.03362703323364258
397,3937,0.005975484848022461
397,23306,0.01052999496459961
397,39406,0.01751542091369629
397,55204,0.02433919906616211
397,74568,0.033167362213134766
398,3921,0.004113912582397461
398,23729,0.010548114776611328
398,39256,0.0175478458404541
398,55284,0.02453136444091797
398,75046,0.03353118896484375
399,3890,0.003955364227294922
399,23865,0.010672807693481445
399,39652,0.017708301544189453
399,55531,0.024733781814575195
399,75397,0.03426766395568848
