2,1,38.69140625
5,5,38.71484375
5,6,38.72265625
5,7,38.73046875
5,8,38.73828125
2,1,38.73828125
2,1,38.73828125
5,4,38.73828125
6,12,38.7734375
6,14,38.7890625
4,2,38.7890625
7,9,38.7890625
7,11,38.7890625
7,12,38.7890625
7,20,38.79296875
8,9,38.79296875
8,13,38.79296875
8,18,38.79296875
8,28,38.79296875
2,1,38.79296875
8,7,38.79296875
9,20,38.79296875
9,22,38.8046875
9,35,38.80859375
6,4,38.80859375
10,12,38.80859375
10,22,38.80859375
10,30,38.8125
10,44,38.81640625
7,4,38.81640625
10,15,38.81640625
11,28,38.81640625
11,40,38.81640625
11,52,38.8359375
7,5,38.8359375
12,27,38.90625
12,33,38.9296875
12,52,39.0
12,65,39.0625
10,8,39.0625
13,29,39.0625
13,43,39.0625
13,56,39.0625
13,74,39.0859375
10,7,39.0859375
14,36,39.0859375
14,44,39.0859375
14,55,39.0859375
14,89,39.09765625
4,2,39.09765625
15,36,39.09765625
15,59,39.09765625
15,70,39.09765625
15,100,39.109375
9,6,39.109375
16,35,39.109375
16,66,39.109375
16,93,39.109375
16,115,39.11328125
8,4,39.11328125
17,48,39.11328125
17,66,39.11328125
17,101,39.1171875
17,127,39.1328125
11,9,39.1328125
18,46,39.1328125
18,72,39.1328125
18,107,39.1328125
18,142,39.14453125
11,8,39.14453125
19,57,39.14453125
19,85,39.14453125
19,124,39.1484375
19,159,39.171875
13,9,39.171875
20,70,39.296875
20,86,39.34765625
20,131,39.40625
20,185,39.421875
12,7,39.421875
21,64,39.421875
21,112,39.421875
21,155,39.42578125
21,202,39.4375
17,15,39.4375
22,76,39.4375
22,117,39.4375
22,175,39.4375
22,218,39.453125
18,13,39.453125
23,85,39.453125
23,131,39.453125
23,172,39.453125
23,245,39.45703125
17,12,39.45703125
24,90,39.45703125
24,132,39.45703125
24,204,39.4609375
24,264,39.48828125
21,25,39.48828125
25,82,39.48828125
25,144,39.48828125
25,227,39.49609375
25,291,39.7421875
18,13,39.7421875
26,114,39.7421875
26,160,39.7421875
26,236,39.7578125
26,314,39.78515625
24,19,39.78515625
27,114,39.78515625
27,170,39.78515625
27,234,39.78515625
27,331,39.80078125
25,21,39.80078125
28,117,39.80078125
28,174,39.80078125
28,271,39.8046875
28,356,40.0625
23,21,40.0625
29,134,40.0625
29,176,40.06640625
29,268,40.06640625
29,384,40.171875
16,16,40.171875
30,114,40.171875
30,202,40.0703125
30,298,40.07421875
30,410,40.33203125
21,21,40.08203125
31,155,40.08203125
31,236,40.08203125
31,308,40.1328125
31,449,40.4921875
27,22,40.2421875
32,150,40.30078125
32,263,40.0859375
32,364,40.234375
32,471,40.44140625
22,21,40.3671875
33,172,40.3671875
33,260,40.3671875
33,383,40.40234375
33,509,40.6796875
29,24,40.625
34,174,40.625
34,289,40.625
34,391,40.625
34,529,40.84765625
26,26,40.68359375
35,180,40.68359375
35,297,40.68359375
35,419,40.68359375
35,567,40.76171875
32,33,40.76171875
36,171,40.76171875
36,306,40.953125
36,443,41.03515625
36,602,41.40625
28,28,41.15625
37,201,41.15625
37,336,41.20703125
37,463,41.20703125
37,630,41.3671875
30,23,41.1171875
38,228,41.23046875
38,353,41.23046875
38,477,41.23046875
38,667,41.328125
37,42,41.234375
39,237,40.984375
39,357,40.984375
39,525,41.109375
39,714,41.39453125
36,43,41.265625
40,208,41.265625
40,413,41.265625
40,544,41.265625
40,737,41.51171875
34,47,41.2734375
41,241,41.2734375
41,406,41.2734375
41,581,41.390625
41,783,41.70703125
36,45,41.70703125
42,261,41.70703125
42,426,41.79296875
42,624,41.79296875
42,822,41.86328125
34,44,41.8046875
43,271,41.8046875
43,467,41.3046875
43,636,41.296875
43,867,41.46484375
39,48,41.46484375
44,279,41.0625
44,474,41.26953125
44,655,41.48828125
44,908,41.70703125
41,47,41.70703125
45,276,41.20703125
45,492,41.35546875
45,689,41.6328125
45,939,41.89453125
42,52,41.328125
46,299,41.078125
46,532,41.2578125
46,722,41.5078125
46,984,41.765625
44,55,41.578125
47,333,41.578125
47,566,41.578125
47,754,41.60546875
47,1028,42.14453125
43,62,42.1640625
48,350,41.96875
48,570,41.96875
48,785,42.140625
48,1076,42.453125
45,56,42.203125
49,348,42.21875
49,594,42.21875
49,817,42.234375
49,1110,42.734375
47,60,41.734375
50,347,41.734375
50,598,41.88671875
50,862,42.171875
50,1155,42.49609375
43,59,42.49609375
51,390,42.24609375
51,659,42.24609375
51,875,42.5
51,1210,42.75390625
48,66,42.25390625
52,390,42.25390625
52,685,42.2578125
52,938,42.76171875
52,1274,42.98046875
52,64,42.55078125
53,418,42.55078125
53,692,42.55078125
53,976,42.671875
53,1325,43.0546875
53,74,43.05078125
54,442,43.05078125
54,720,43.05078125
54,1014,43.20703125
54,1361,43.55078125
55,83,43.55078125
55,435,43.05078125
55,714,42.80078125
55,1057,42.890625
55,1402,43.32421875
53,73,42.8203125
56,474,42.5703125
56,781,42.68359375
56,1070,43.06640625
56,1460,43.33984375
55,85,43.08984375
57,465,43.08984375
57,818,43.08984375
57,1073,43.33984375
57,1513,43.34375
54,78,42.59375
58,500,42.59375
58,816,42.83984375
58,1123,43.09375
58,1566,43.35546875
54,77,43.35546875
59,499,43.10546875
59,847,43.10546875
59,1200,43.10546875
59,1618,43.41015625
57,92,42.91015625
60,509,42.66015625
60,905,42.7421875
60,1244,43.16015625
60,1682,43.41796875
60,93,42.91796875
61,556,42.66796875
61,894,42.73828125
61,1272,43.16796875
61,1736,43.67578125
58,86,42.67578125
62,594,42.67578125
62,951,42.92578125
62,1311,43.17578125
62,1768,43.42578125
60,84,42.67578125
63,611,42.42578125
63,960,42.67578125
63,1414,42.92578125
63,1838,43.2265625
61,103,42.9765625
64,592,42.7265625
64,1025,42.87890625
64,1429,43.2265625
64,1911,43.4765625
63,107,43.2265625
65,653,43.2265625
65,1064,43.4765625
65,1461,43.7265625
65,1971,44.23828125
62,107,43.73828125
66,708,43.48828125
66,1083,43.37890625
66,1458,43.73828125
66,2047,44.0390625
64,120,43.5390625
67,649,43.5390625
67,1106,43.7890625
67,1595,44.0390625
67,2104,44.23828125
66,138,42.98828125
68,701,42.98828125
68,1122,43.23828125
68,1625,43.48828125
68,2156,43.99609375
66,105,43.74609375
69,711,43.74609375
69,1134,43.99609375
69,1627,43.99609375
69,2225,44.24609375
66,129,43.49609375
70,716,43.49609375
70,1199,43.99609375
70,1681,43.99609375
70,2275,44.3125
71,118,43.3125
71,735,43.3125
71,1252,43.5625
71,1737,43.8125
71,2354,44.32421875
70,107,43.32421875
72,756,43.32421875
72,1305,43.57421875
72,1784,44.07421875
72,2418,44.32421875
72,125,43.82421875
73,787,43.82421875
73,1353,43.82421875
73,1863,44.32421875
73,2523,44.328125
73,129,43.078125
74,819,43.12109375
74,1360,43.578125
74,1882,43.828125
74,2584,43.265625
74,140,43.015625
75,856,43.0625
75,1409,43.5703125
75,1911,43.9765625
75,2638,43.51953125
75,139,42.51953125
76,826,42.640625
76,1427,43.35546875
76,1997,43.73046875
76,2701,43.5234375
75,145,43.2734375
77,879,43.3359375
77,1490,43.87109375
77,2103,44.73828125
77,2766,43.79296875
78,164,43.29296875
78,883,43.3046875
78,1512,43.8671875
78,2061,44.4921875
78,2872,44.67578125
78,152,43.171875
79,968,43.08984375
79,1582,43.61328125
79,2097,44.484375
79,2919,43.78515625
79,166,43.53515625
80,923,43.59765625
80,1564,44.359375
80,2201,44.75
80,3018,45.265625
81,156,44.765625
81,983,44.765625
81,1630,45.015625
81,2271,45.015625
81,3068,45.52734375
81,182,45.02734375
82,1020,44.77734375
82,1619,45.02734375
82,2317,45.27734375
82,3133,45.52734375
81,177,44.77734375
83,1042,44.77734375
83,1670,45.02734375
83,2404,45.27734375
83,3234,45.52734375
82,184,45.27734375
84,1028,45.27734375
84,1726,45.52734375
84,2445,45.77734375
84,3299,45.8515625
83,180,44.8515625
85,1088,44.8515625
85,1796,45.1015625
85,2488,45.3515625
85,3384,45.3828125
86,178,44.6328125
86,1076,44.6328125
86,1812,44.8828125
86,2554,45.3828125
86,3481,45.63671875
85,197,44.63671875
87,1125,44.5546875
87,1859,44.88671875
87,2577,45.13671875
87,3576,45.64453125
87,192,44.89453125
88,1146,44.64453125
88,1866,44.90234375
88,2680,45.39453125
88,3629,45.39453125
88,199,45.14453125
89,1244,45.36328125
89,1974,45.14453125
89,2758,45.64453125
89,3719,45.75390625
90,191,45.00390625
90,1200,45.2109375
90,2038,45.50390625
90,2742,46.00390625
90,3805,46.0078125
90,217,45.0078125
91,1267,45.2578125
91,2020,45.5078125
91,2855,45.5078125
91,3891,45.5234375
92,188,44.5234375
92,1271,44.5234375
92,2130,45.0234375
92,2889,45.0234375
92,3965,45.7734375
93,204,44.7734375
93,1303,44.7734375
93,2099,45.0234375
93,2937,45.5234375
93,4047,45.87109375
94,211,45.29296875
94,1320,45.54296875
94,2187,45.79296875
94,3071,46.29296875
94,4162,45.18359375
95,222,44.68359375
95,1307,44.43359375
95,2267,45.27734375
95,3152,45.52734375
95,4250,45.68359375
96,217,44.93359375
96,1403,44.84375
96,2297,45.58203125
96,3219,46.29296875
96,4326,45.68359375
96,230,44.93359375
97,1445,44.68359375
97,2296,45.33984375
97,3239,45.80078125
97,4438,45.96875
97,250,45.21875
98,1390,44.96875
98,2395,45.58984375
98,3318,45.875
98,4525,45.7890625
99,239,44.71875
99,1429,44.71875
99,2389,45.33984375
99,3407,46.125
99,4576,45.9921875
99,231,45.01171875
100,1464,45.21875
100,2459,45.59375
100,3468,46.1328125
100,4710,46.0859375
101,240,45.18359375
101,1495,44.93359375
101,2576,45.66796875
101,3509,46.14453125
101,4804,46.43359375
100,266,44.93359375
102,1537,45.18359375
102,2583,46.16796875
102,3625,46.390625
102,4892,46.25390625
101,271,45.18359375
103,1515,45.18359375
103,2622,45.78125
103,3657,46.4609375
103,4979,46.53125
104,244,45.47265625
104,1655,45.97265625
104,2652,46.671875
104,3756,47.25
104,5073,46.72265625
105,308,45.47265625
105,1602,45.72265625
105,2758,46.421875
105,3831,47.0
105,5164,46.72265625
103,261,44.97265625
106,1631,44.97265625
106,2814,45.80078125
106,3937,46.2421875
106,5286,46.1796875
107,271,45.18359375
107,1711,44.68359375
107,2817,45.42578125
107,3923,46.23828125
107,5380,46.6640625
108,279,46.18359375
108,1784,45.9453125
108,2912,46.90234375
108,4029,47.51171875
108,5478,47.18359375
109,304,46.43359375
109,1757,46.43359375
109,2941,47.16015625
109,4176,46.93359375
109,5583,48.44921875
110,304,46.69921875
110,1828,46.94921875
110,3014,47.19921875
110,4235,47.515625
110,5697,47.4765625
110,312,45.9765625
111,1858,45.48828125
111,3060,46.5234375
111,4325,46.18359375
111,5817,47.2265625
112,307,45.4765625
112,1897,45.50390625
112,3135,46.515625
112,4360,45.93359375
112,5889,47.18359375
112,281,45.93359375
113,1899,45.98828125
113,3234,46.7890625
113,4385,47.99609375
113,5997,47.75390625
114,317,45.68359375
114,1816,45.49609375
114,3209,46.5234375
114,4463,46.21875
114,6119,46.93359375
115,319,45.68359375
115,1931,45.50390625
115,3322,46.31640625
115,4531,45.96875
115,6220,46.68359375
116,306,45.43359375
116,2036,45.5546875
116,3353,46.296875
116,4604,46.0703125
116,6358,47.28515625
116,316,46.48046875
117,2110,46.5078125
117,3392,47.1328125
117,4731,46.43359375
117,6451,47.734375
118,321,46.234375
118,2082,46.265625
118,3529,46.89453125
118,4869,46.43359375
118,6563,47.08203125
119,349,46.08203125
119,2184,46.265625
119,3609,47.14453125
119,4925,46.43359375
119,6647,47.18359375
120,349,46.18359375
120,2116,46.515625
120,3608,47.13671875
120,5029,46.97265625
120,6783,47.7890625
121,368,46.5390625
121,2184,46.515625
121,3695,46.98828125
121,5083,46.72265625
121,6888,47.83984375
121,348,46.5390625
122,2150,46.515625
122,3668,47.24609375
122,5148,46.72265625
122,6993,47.68359375
123,366,46.7890625
123,2255,47.2734375
123,3763,47.75
123,5254,47.43359375
123,7124,48.59765625
123,375,45.84765625
124,2330,46.0
124,3813,46.7265625
124,5402,46.93359375
124,7265,48.1015625
125,406,46.8515625
125,2319,47.33984375
125,3913,48.01953125
125,5396,47.43359375
125,7336,48.8515625
126,437,47.8515625
126,2279,48.08203125
126,3938,48.51953125
126,5524,48.18359375
126,7472,49.296875
127,429,47.296875
127,2358,47.5859375
127,4115,46.93359375
127,5610,47.2265625
127,7612,48.58203125
128,409,47.30078125
128,2417,46.96875
128,4049,48.02734375
128,5684,47.00390625
128,7718,48.55078125
129,397,47.80078125
129,2439,47.96875
129,4151,47.93359375
129,5753,47.9765625
129,7869,49.0546875
130,411,48.3046875
130,2426,48.21484375
130,4213,47.93359375
130,5923,48.18359375
130,7979,49.16796875
131,424,47.6171875
131,2544,48.03515625
131,4247,48.18359375
131,5898,48.43359375
131,8094,49.62109375
132,423,48.62109375
132,2599,49.1640625
132,4421,48.71875
132,6111,48.93359375
132,8244,51.97265625
133,445,49.47265625
133,2602,48.97265625
133,4420,49.47265625
133,6125,49.5859375
133,8350,49.5625
134,440,46.8125
134,2691,47.0625
134,4430,48.15625
134,6279,49.453125
134,8449,48.31640625
135,460,47.81640625
135,2710,47.81640625
135,4402,48.65234375
135,6276,50.05859375
135,8577,49.81640625
136,465,48.31640625
136,2785,48.31640625
136,4595,49.4296875
136,6396,49.73046875
136,8743,49.45703125
137,487,49.45703125
137,2762,49.4296875
137,4689,50.80859375
137,6508,51.49609375
137,8833,50.5703125
138,454,49.0703125
138,2818,49.3515625
138,4737,50.58984375
138,6600,51.69140625
138,8949,51.53125
139,480,49.03125
139,2920,49.51171875
139,4694,51.13671875
139,6764,51.7265625
139,9124,51.5390625
140,481,50.0390625
140,2997,50.77734375
140,4907,51.16015625
140,6906,52.265625
140,9249,51.29296875
141,476,48.54296875
141,2878,48.69921875
141,4969,50.00390625
141,6889,51.19140625
141,9397,50.6640625
142,506,48.1640625
142,2967,48.7578125
142,4955,49.9140625
142,7001,50.27734375
142,9524,49.48046875
143,485,48.23046875
143,2958,48.5234375
143,5064,49.66796875
143,7087,51.33203125
143,9629,50.77734375
144,511,48.984375
144,3108,49.03515625
144,5181,50.203125
144,7151,51.57421875
144,9768,50.94921875
145,513,47.94921875
145,3112,48.28515625
145,5204,49.58203125
145,7276,50.98828125
145,9884,50.703125
146,556,48.203125
146,3097,48.80078125
146,5186,49.72265625
146,7404,51.59765625
146,10058,50.78515625
147,567,48.53515625
147,3259,48.625
147,5365,50.0546875
147,7522,51.80859375
147,10193,50.83203125
148,480,49.08203125
148,3317,49.390625
148,5477,50.859375
148,7659,52.3125
148,10289,51.29296875
149,540,49.54296875
149,3273,50.12109375
149,5542,51.390625
149,7693,52.296875
149,10492,51.55078125
150,529,50.05078125
150,3329,50.6640625
150,5570,51.375
150,7854,52.8046875
150,10577,51.9765625
151,595,49.7265625
151,3535,50.39453125
151,5664,51.640625
151,7821,52.8203125
151,10771,52.6484375
152,598,49.8984375
152,3450,49.62890625
152,5826,50.90625
152,7940,52.60546875
152,10881,51.90625
153,586,49.90625
153,3428,50.125
153,5800,50.87890625
153,8126,52.359375
153,11042,51.6171875
154,585,49.1171875
154,3519,49.390625
154,5904,50.8046875
154,8212,50.125
154,11176,50.91796875
154,567,47.66796875
155,3500,47.90234375
155,5958,49.55859375
155,8344,48.89453125
155,11338,50.76171875
156,626,48.76171875
156,3585,48.9140625
156,6036,50.3125
156,8442,49.56640625
156,11497,51.0234375
157,598,48.7734375
157,3717,48.7734375
157,6094,50.32421875
157,8495,49.61328125
157,11611,51.3203125
158,594,49.0703125
158,3769,49.02734375
158,6304,50.5859375
158,8623,49.8828125
158,11793,51.34765625
159,659,49.84765625
159,3745,49.7890625
159,6379,51.08203125
159,8782,50.80078125
159,11948,52.18359375
160,639,48.93359375
160,3774,49.51953125
160,6388,50.59375
160,8917,50.453125
160,12107,51.7734375
161,594,49.2734375
161,3759,48.76953125
161,6472,50.34375
161,8999,49.625
161,12223,50.94921875
162,626,48.44921875
162,3937,48.78515625
162,6602,50.35546875
162,9121,49.96875
162,12363,52.046875
163,650,50.046875
163,3894,50.265625
163,6575,51.85546875
163,9164,51.53515625
163,12602,52.91796875
164,666,49.91796875
164,3999,50.53515625
164,6740,52.015625
164,9276,51.6875
164,12713,53.37109375
165,719,51.37109375
165,4020,52.03515625
165,6803,53.29296875
165,9418,52.16796875
165,12877,53.9296875
166,681,51.6796875
166,4067,52.04296875
166,6828,53.5390625
166,9496,52.48828125
166,13002,54.0078125
167,719,51.2578125
167,4079,51.29296875
167,6874,52.52734375
167,9712,51.6796875
167,13157,53.95703125
168,748,51.20703125
168,4157,51.79296875
168,6952,52.80078125
168,9904,52.19140625
168,13337,53.72265625
169,710,51.22265625
169,4249,51.80078125
169,7097,53.05859375
169,9942,52.1953125
169,13496,54.1328125
170,731,51.3828125
170,4265,52.31640625
170,7263,52.82421875
170,10122,52.35546875
170,13626,53.96875
171,695,50.46875
171,4350,51.56640625
171,7283,52.33203125
171,10105,52.11328125
171,13758,53.73046875
172,736,51.48046875
172,4396,51.5703125
172,7264,52.328125
172,10375,51.6171875
172,13992,53.2421875
173,758,50.4921875
173,4455,51.0703125
173,7396,51.84765625
173,10431,51.375
173,14107,52.75390625
174,767,51.50390625
174,4517,52.07421875
174,7547,53.296875
174,10596,52.55859375
174,14300,54.0234375
175,812,50.5234375
175,4474,51.328125
175,7695,52.30078125
175,10662,51.53125
175,14467,53.61328125
176,745,51.11328125
176,4551,51.58203125
176,7694,52.54296875
176,10695,51.76171875
176,14589,53.34765625
177,776,51.34765625
177,4754,52.453125
177,7859,53.55859375
177,10964,53.03515625
177,14824,54.62890625
178,789,52.12890625
178,4770,52.46875
178,7804,53.55078125
178,10980,52.8828125
178,14966,54.98828125
179,824,51.98828125
179,4811,52.6953125
179,7912,53.546875
179,11160,53.140625
179,15142,53.95703125
180,786,50.45703125
180,4912,52.0078125
180,8001,52.82421875
180,11177,52.1640625
180,15252,53.9140625
181,759,50.6640625
181,4940,51.70703125
181,8194,50.94921875
181,11471,52.16015625
181,15480,54.078125
182,795,51.828125
182,4963,52.96875
182,8247,52.06640625
182,11588,53.72265625
182,15682,55.14453125
183,815,52.14453125
183,4994,52.96875
183,8396,52.0078125
183,11795,53.484375
183,15787,54.91015625
184,828,52.16015625
184,5072,53.2265625
184,8431,52.08984375
184,11887,54.0703125
184,15930,55.4921875
185,849,51.9921875
185,5076,52.9765625
185,8367,51.83984375
185,11967,53.734375
185,16198,55.625
186,862,52.625
186,5130,53.46875
186,8572,52.15234375
186,12076,53.34765625
186,16311,55.0078125
187,865,52.5078125
187,5252,52.8828125
187,8780,51.91015625
187,12241,53.8125
187,16553,58.734375
188,831,55.984375
188,5331,55.984375
188,8802,56.234375
188,12338,57.26171875
188,16712,54.46484375
189,860,51.46484375
189,5220,52.14453125
189,8762,54.1015625
189,12411,56.265625
189,16871,53.47265625
190,929,51.22265625
190,5404,52.11328125
190,9059,54.609375
190,12540,57.0234375
190,17075,54.36328125
191,871,51.61328125
191,5475,52.38671875
191,8998,54.33203125
191,12715,56.54296875
191,17242,54.1171875
192,913,51.3671875
192,5544,52.16796875
192,9149,54.8828125
192,12862,57.0390625
192,17423,54.859375
193,929,51.859375
193,5653,52.4140625
193,9270,55.37890625
193,12913,57.078125
193,17544,54.640625
194,951,51.390625
194,5597,52.13671875
194,9378,54.8828125
194,12969,56.328125
194,17764,54.3984375
195,978,52.1484375
195,5571,52.890625
195,9374,54.640625
195,13226,57.11328125
195,17949,55.1640625
196,938,51.6640625
196,5789,51.66796875
196,9516,55.13671875
196,13322,57.1875
196,18137,54.83984375
197,959,51.83984375
197,5725,52.39453125
197,9591,55.37109375
197,13531,57.73046875
197,18323,55.328125
198,942,52.328125
198,5828,52.44140625
198,9672,55.6484375
198,13743,58.50390625
198,18573,55.58984375
199,958,53.33984375
199,5963,54.3203125
199,9797,56.16015625
199,13742,58.9921875
199,18725,56.38671875
200,1000,53.88671875
200,5926,54.57421875
200,9977,56.91796875
200,13949,59.76171875
200,18909,56.91796875
201,974,54.41796875
201,6070,54.57421875
201,9989,56.66796875
201,14118,59.25
201,19074,56.78125
202,1026,53.78125
202,6078,54.82421875
202,10125,56.921875
202,14237,59.2734375
202,19314,56.29296875
203,985,52.79296875
203,6187,53.8359375
203,10263,57.1875
203,14437,59.3046875
203,19461,56.5546875
204,1037,53.8046875
204,6257,54.59765625
204,10343,56.6875
204,14405,59.2890625
204,19701,56.27734375
205,1116,53.76953125
205,6205,54.58984375
205,10360,56.6953125
205,14599,59.5546875
205,19899,56.390625
206,1026,53.140625
206,6271,53.84765625
206,10702,57.47265625
206,14723,59.078125
206,20022,56.296875
207,1141,54.046875
207,6430,55.11328125
207,10653,57.51171875
207,14933,60.390625
207,20275,57.64453125
208,1126,55.64453125
208,6486,56.35546875
208,10703,58.75390625
208,15145,61.51953125
208,20487,59.0546875
209,1193,55.8046875
209,6430,56.33984375
209,10800,58.25390625
209,15187,60.75390625
209,20647,58.5078125
210,1046,55.7578125
210,6684,56.05078125
210,10965,57.76171875
210,15269,60.78515625
210,20798,57.609375
211,1107,55.609375
211,6752,56.79296875
211,11196,58.78125
211,15499,62.2890625
211,21160,59.63671875
212,1088,56.63671875
212,6835,57.55078125
212,10995,59.265625
212,15636,61.796875
212,21263,58.890625
213,1153,55.390625
213,6749,56.03515625
213,11265,58.546875
213,15833,61.5703125
213,21418,59.15234375
214,1182,56.40234375
214,6738,57.046875
214,11506,59.28515625
214,15902,62.5625
214,21612,59.5078125
215,1172,55.5078125
215,6963,56.5390625
215,11431,58.32421875
215,16008,61.32421875
215,21867,58.48046875
216,1126,55.73046875
216,6985,55.82421875
216,11597,59.05859375
216,16416,56.05078125
216,22048,58.29296875
217,1170,55.29296875
217,7002,56.05078125
217,11797,59.59765625
217,16228,62.34765625
217,22246,59.546875
218,1218,56.296875
218,7012,57.31640625
218,11925,60.40625
218,16581,58.31640625
218,22473,59.81640625
219,1208,56.56640625
219,7212,57.578125
219,11987,60.41015625
219,16808,59.01953125
219,22721,60.90234375
220,1212,58.15234375
220,7176,58.3203125
220,12146,60.6796875
220,16903,57.84375
220,22888,59.59765625
221,1179,56.34765625
221,7245,57.32421875
221,12183,60.171875
221,17027,57.90625
221,23064,60.35546875
222,1226,57.35546875
222,7340,57.3515625
222,12269,60.69140625
222,17124,58.66796875
222,23266,60.875
223,1243,58.125
223,7419,58.27734375
223,12371,60.69921875
223,17213,58.98828125
223,23447,61.05859375
224,1242,58.05859375
224,7509,58.77734375
224,12434,61.44140625
224,17492,59.390625
224,23733,61.6171875
225,1238,58.1171875
225,7655,58.03515625
225,12545,60.2109375
225,17644,58.26171875
225,23918,60.59765625
226,1236,57.34765625
226,7704,58.28515625
226,12728,60.71484375
226,17751,58.70703125
226,24124,60.765625
227,1338,58.265625
227,7800,58.80078125
227,12760,60.703125
227,17979,58.94921875
227,24360,61.26953125
228,1307,57.76953125
228,7700,58.54296875
228,13002,61.22265625
228,18053,59.04296875
228,24522,60.70703125
229,1262,56.95703125
229,7810,58.07421875
229,12969,61.22265625
229,18250,59.33984375
229,24790,61.28515625
230,1353,58.53515625
230,7922,59.5546875
230,13260,62.26953125
230,18317,60.35546875
230,25003,62.5546875
231,1394,59.0546875
231,7929,60.05078125
231,13173,62.25390625
231,18574,60.96484375
231,25255,62.74609375
232,1358,59.49609375
232,7975,60.57421875
232,13317,62.79296875
232,18729,61.25
232,25443,63.28515625
233,1315,59.53515625
233,8086,60.31640625
233,13570,63.109375
233,18948,61.28125
233,25656,62.8203125
234,1359,59.8203125
234,8202,61.29296875
234,13504,63.1171875
234,19003,61.13671875
234,25883,63.5625
235,1496,61.3125
235,8189,61.05859375
235,13904,63.640625
235,19229,62.0625
235,26156,63.703125
236,1363,61.453125
236,8226,62.328125
236,13768,63.91015625
236,19419,62.2578125
236,26386,64.15625
237,1352,57.90625
237,8444,59.8046875
237,13995,62.89453125
237,19666,60.34375
237,26522,62.69140625
238,1382,59.94140625
238,8450,61.296875
238,14106,63.4140625
238,19739,61.90625
238,26823,64.765625
239,1421,60.015625
239,8459,60.54296875
239,14224,62.8984375
239,19901,60.78515625
239,27024,61.69921875
240,1433,59.19921875
240,8747,59.80859375
240,14324,62.9296875
240,20131,60.63671875
240,27212,62.80859375
241,1345,58.80859375
241,8649,60.328125
241,14502,63.4453125
241,20217,60.69140625
241,27428,62.6171875
242,1389,60.1171875
242,8908,61.08984375
242,14496,63.6796875
242,20398,61.89453125
242,27651,63.45703125
243,1534,60.20703125
243,8835,62.07421875
243,14675,63.9609375
243,20677,62.47265625
243,27903,64.83984375
244,1484,60.83984375
244,9010,62.5859375
244,14885,64.2265625
244,20712,62.88671875
244,28174,64.6796875
245,1487,61.1796875
245,8992,61.390625
245,14753,63.58984375
245,21035,62.2421875
245,28374,64.0625
246,1539,60.5625
246,9150,62.10546875
246,15102,64.92578125
246,21107,63.2421875
246,28667,65.06640625
247,1557,61.56640625
247,9156,62.21484375
247,15198,64.5703125
247,21410,62.99609375
247,28857,64.8203125
248,1611,61.3203125
248,9175,61.9375
248,15365,65.07421875
248,21431,63.49609375
248,29073,65.546875
249,1483,62.546875
249,9103,62.671875
249,15355,65.33203125
249,21754,63.58203125
249,29272,66.05078125
250,1527,62.05078125
250,9362,62.53125
250,15645,65.53515625
250,21772,63.58203125
250,29478,66.05859375
251,1654,62.80859375
251,9412,63.48828125
251,15653,66.140625
251,21907,64.08203125
251,29785,66.56640625
252,1610,62.56640625
252,9433,62.7578125
252,15898,65.66015625
252,22246,63.33203125
252,30011,65.8203125
253,1592,62.8203125
253,9589,63.7734375
253,15894,66.4375
253,22444,64.33203125
253,30295,67.078125
254,1667,63.078125
254,9736,64.3828125
254,16045,66.46875
254,22574,64.33203125
254,30573,66.3515625
255,1582,62.1015625
255,9755,62.81640625
255,16152,65.98046875
255,22600,63.33203125
255,30738,65.10546875
256,1634,60.60546875
256,9821,61.55078125
256,16404,66.45703125
256,22785,63.33203125
256,31023,65.609375
257,1630,62.109375
257,9770,63.52734375
257,16378,66.7578125
257,23030,64.2578125
257,31239,66.36328125
258,1675,62.11328125
258,9938,62.8046875
258,16462,67.44140625
258,23140,64.2578125
258,31526,65.3671875
259,1654,62.1171875
259,10040,63.078125
259,16826,68.2734375
259,23353,65.26171875
259,31739,66.87109375
260,1680,61.37109375
260,10185,62.6015625
260,16826,67.26953125
260,23523,64.51171875
260,31977,66.125
261,1671,63.375
261,10109,64.609375
261,16941,63.58203125
261,23621,66.4140625
261,32199,68.53125
262,1701,63.03125
262,10128,63.5078125
262,17237,63.33203125
262,23966,65.265625
262,32509,67.69140625
263,1679,62.44140625
263,10363,62.671875
263,17222,62.83203125
263,24088,64.67578125
263,32663,66.796875
264,1742,63.296875
264,10422,63.28515625
264,17360,62.83203125
264,24411,63.83203125
264,33008,73.69921875
265,1728,69.44921875
265,10283,69.44921875
265,17551,70.9609375
265,24409,73.1171875
265,33211,67.71875
266,1796,63.46875
266,10515,64.71875
266,17688,69.55078125
266,24757,73.41015625
266,33471,68.23046875
267,1743,64.48046875
267,10709,65.48046875
267,17793,70.05078125
267,24802,73.34375
267,33786,68.33984375
268,1737,65.58984375
268,10660,65.859375
268,17924,69.8203125
268,25059,74.36328125
268,34012,69.34765625
269,1842,65.59765625
269,10825,65.94921875
269,18162,70.328125
269,25028,74.6875
269,34260,69.515625
270,1747,63.015625
270,10920,64.2109375
270,18142,68.58203125
270,25478,72.6953125
270,34547,66.60546875
271,1880,63.35546875
271,10965,64.90625
271,18440,70.13671875
271,25656,73.73046875
271,34721,68.61328125
272,1857,63.86328125
272,11146,65.42578125
272,18425,70.625
272,25753,74.9921875
272,35000,69.62109375
273,1794,65.87109375
273,11074,67.1640625
273,18514,71.3984375
273,25933,76.02734375
273,35235,70.37890625
274,1924,66.12890625
274,11241,66.66796875
274,18889,70.94140625
274,26311,75.36328125
274,35539,69.640625
275,1861,64.890625
275,11265,66.1875
275,18759,71.5859375
275,26148,75.33203125
275,35759,69.890625
276,1838,64.640625
276,11473,65.9375
276,18853,71.43359375
276,26431,75.6171875
276,36061,69.90234375
277,1918,66.40234375
277,11485,67.73046875
277,19087,72.734375
277,26699,76.94140625
277,36271,70.91015625
278,1927,65.91015625
278,11674,67.7734375
278,19150,72.6328125
278,26981,76.75390625
278,36600,71.0
279,2005,67.0
279,11493,67.8203125
279,19499,72.99609375
279,27302,77.99609375
279,36824,71.71484375
280,1997,65.96484375
280,11721,67.296875
280,19581,73.03515625
280,27272,77.265625
280,37111,71.71875
281,1920,67.46875
281,11764,68.80859375
281,19575,73.046875
281,27668,77.8046875
281,37364,72.23046875
282,1990,68.48046875
282,11993,70.359375
282,19976,74.86328125
282,27815,79.83203125
282,37681,73.7421875
283,1984,69.2421875
283,11925,70.8515625
283,19877,74.85546875
283,28114,80.09765625
283,37982,74.00390625
284,2025,69.50390625
284,11950,70.375
284,20010,74.63671875
284,28151,79.33984375
284,38191,73.51171875
285,1982,69.51171875
285,12195,70.890625
285,20283,75.15234375
285,28300,79.828125
285,38522,73.76953125
286,2016,68.76953125
286,12003,70.109375
286,20240,74.88671875
286,28566,79.86328125
286,38766,73.23828125
287,2123,69.48828125
287,12266,70.41015625
287,20564,75.41796875
287,28682,80.109375
287,39022,73.9921875
288,2073,68.7421875
288,12256,70.671875
288,20772,75.1796875
288,28866,80.39453125
288,39246,74.49609375
289,2061,68.74609375
289,12525,70.4140625
289,20817,74.77734375
289,29182,79.4140625
289,39527,73.16015625
290,2170,69.16015625
290,12401,70.5859375
290,20913,75.421875
290,29222,79.3984375
290,39774,73.94921875
291,2193,68.69921875
291,12496,70.16796875
291,21167,76.52734375
291,29443,80.4296875
291,40096,74.96484375
292,2166,69.71484375
292,12844,70.91015625
292,21230,76.0234375
292,29760,80.1953125
292,40315,74.7265625
293,2141,69.7265625
293,12896,71.4140625
293,21354,76.0546875
293,30005,81.453125
293,40639,75.4921875
294,2207,69.2421875
294,12994,70.6640625
294,21544,76.84375
294,30197,80.765625
294,40958,75.5078125
295,2191,70.0078125
295,12994,71.6796875
295,21614,76.84765625
295,30346,81.046875
295,41222,75.51953125
296,2191,70.76953125
296,13011,71.6484375
296,21874,77.8359375
296,30458,81.61328125
296,41477,76.59765625
297,2224,72.84765625
297,13119,73.66015625
297,21888,78.83984375
297,30821,84.5625
297,41807,78.6171875
298,2225,72.3671875
298,13243,73.4453125
298,22213,78.3828125
298,30830,84.34375
298,42054,77.9375
299,2180,72.6875
299,13397,74.2890625
299,22205,78.421875
299,31013,83.078125
299,42305,76.94921875
300,2218,70.94921875
300,13372,71.95703125
300,22322,77.93359375
300,31389,82.6171875
300,42605,76.4140625
301,2325,72.1640625
301,13554,73.296875
301,22449,78.4453125
301,31558,83.109375
301,42874,77.1796875
302,2287,72.1796875
302,13590,73.5234375
302,22508,78.453125
302,31863,84.13671875
302,43185,77.9453125
303,2277,72.9453125
303,13643,73.78125
303,22620,77.93359375
303,32045,83.63671875
303,43481,77.3828125
304,2272,72.6328125
304,13822,74.0703125
304,23014,79.47265625
304,32149,84.65234375
304,43774,77.69140625
305,2326,72.69140625
305,13971,74.32421875
305,23009,78.71484375
305,32490,84.69140625
305,44115,78.69921875
306,2389,73.69921875
306,13985,74.80078125
306,23495,79.4921875
306,32761,84.9375
306,44386,78.4765625
307,2352,72.2265625
307,14249,73.5703125
307,23461,79.75
307,32870,75.46875
307,44575,77.984375
308,2432,73.234375
308,14146,74.82421875
308,23536,79.765625
308,32831,76.21484375
308,44928,78.73828125
309,2404,72.98828125
309,14164,74.328125
309,23835,80.0625
309,33421,75.4921875
309,45203,77.765625
310,2480,73.015625
310,14473,74.5703125
310,23990,80.84375
310,33661,75.4140625
310,45497,78.97265625
311,2449,73.97265625
311,14455,74.56640625
311,24258,81.6875
311,33711,76.50390625
311,45802,79.28515625
312,2446,74.53515625
312,14653,76.09375
312,24339,81.70703125
312,34012,78.015625
312,46100,80.30078125
313,2459,73.05078125
313,14825,74.8515625
313,24381,81.98046875
313,34067,77.26953125
313,46439,79.30859375
314,2398,74.30859375
314,14997,76.3984375
314,24705,82.4921875
314,34256,78.109375
314,46704,81.01171875
315,2501,74.76171875
315,15072,76.7734375
315,24524,81.97265625
315,34625,77.4609375
315,46978,81.19140625
316,2559,76.69140625
316,14911,77.390625
316,24995,82.734375
316,34722,78.53125
316,47280,81.70703125
317,2552,76.70703125
317,14950,78.140625
317,25145,83.23046875
317,34987,79.62109375
317,47647,83.87890625
318,2559,76.62890625
318,15091,77.76171875
318,25223,82.50390625
318,35312,79.12890625
318,47858,82.64453125
319,2555,77.14453125
319,15114,78.28515625
319,25278,83.015625
319,35373,78.8046875
319,48126,81.75390625
320,2601,77.00390625
320,15235,78.54296875
320,25447,83.51171875
320,35630,79.06640625
320,48521,82.5234375
321,2603,77.2734375
321,15470,78.796875
321,25677,83.77734375
321,36067,79.6484375
321,48798,84.20703125
322,2621,76.45703125
322,15639,76.81640625
322,25746,84.02734375
322,36202,78.65234375
322,49162,82.1015625
323,2635,77.3515625
323,15651,78.30859375
323,25872,84.0390625
323,36320,79.83984375
323,49419,83.796875
324,2652,77.046875
324,15659,78.05078125
324,26149,84.55078125
324,36705,80.1015625
324,49688,84.3203125
325,2540,77.5703125
325,15703,78.33203125
325,26283,84.28515625
325,36830,79.703125
325,50030,83.65234375
326,2772,78.40234375
326,16046,79.31640625
326,26432,85.09375
326,37155,81.15234375
326,50399,84.61328125
327,2641,79.36328125
327,15853,80.5859375
327,26519,85.55859375
327,37323,81.66796875
327,50606,84.5
328,2660,77.0
328,15899,79.30078125
328,26625,84.5703125
328,37591,81.078125
328,50961,84.8046875
329,2715,79.3046875
329,16241,80.33984375
329,27008,85.4375
329,37720,81.76953125
329,51321,84.62109375
330,2765,78.62109375
330,16218,80.8359375
330,27310,86.83984375
330,37886,82.43359375
330,51556,86.43359375
331,2651,80.18359375
331,16326,81.59765625
331,27244,87.85546875
331,38417,83.70703125
331,52015,87.21484375
332,2704,79.71484375
332,16339,81.09765625
332,27435,87.12890625
332,38394,83.20703125
332,52151,86.71875
333,2662,80.46875
333,16578,83.36328125
333,27508,87.87890625
333,38625,83.7734375
333,52518,87.9453125
334,2831,81.9453125
334,16621,84.1171875
334,27919,88.640625
334,38921,84.4296875
334,52793,89.1640625
335,2778,81.1640625
335,16640,83.3671875
335,27838,87.3828125
335,39246,83.42578125
335,53157,87.5
336,2828,81.0
336,16835,83.1875
336,28027,87.39453125
336,39300,83.1953125
336,53437,87.703125
337,2891,82.203125
337,17215,85.31640625
337,28521,88.93359375
337,39721,84.953125
337,53875,88.296875
338,2862,82.046875
338,17162,84.84375
338,28464,88.19140625
338,39810,84.70703125
338,54080,88.8046875
339,2781,81.5546875
339,17260,83.83984375
339,28600,88.4453125
339,40171,84.47265625
339,54522,88.33203125
340,2962,81.83203125
340,17186,85.078125
340,28802,89.1875
340,40373,85.48046875
340,54730,89.34765625
341,2867,81.84765625
341,17319,84.59765625
341,29053,89.4453125
341,40720,86.0
341,55123,89.453125
342,2996,83.453125
342,17368,86.12890625
342,29101,89.4921875
342,40996,85.7578125
342,55358,88.96875
343,2836,81.46875
343,17723,85.12890625
343,29284,89.5
343,41002,85.76171875
343,55704,88.98046875
344,2932,82.98046875
344,17640,86.61328125
344,29497,90.75
344,41282,87.09375
344,56009,89.99609375
345,2871,82.74609375
345,17864,86.375
345,29551,90.484375
345,41576,87.10546875
345,56457,89.765625
346,3002,83.515625
346,17890,87.390625
346,30006,91.26953125
346,41762,88.12109375
346,56789,90.5390625
347,2977,83.0390625
347,18154,86.6484375
347,30022,89.8046875
347,41965,86.87890625
347,57079,89.80078125
348,2996,83.80078125
348,18161,87.390625
348,30261,91.61328125
348,42571,87.91015625
348,57368,90.83203125
349,3063,83.83203125
349,18290,87.12890625
349,30365,90.90234375
349,42387,87.65625
349,57720,90.83984375
350,3118,84.83203125
350,18241,88.15625
350,30656,92.890625
350,42746,88.67578125
350,57989,91.60546875
351,3106,84.85546875
351,18345,88.39453125
351,30470,92.640625
351,42995,88.71484375
351,58284,93.16015625
352,3075,86.91015625
352,18399,89.16015625
352,30956,94.15625
352,43099,89.9453125
352,58719,93.13671875
353,3059,83.88671875
353,18742,87.43359375
353,31026,92.93359375
353,43499,87.8828125
353,59069,92.109375
354,3203,85.609375
354,18802,88.453125
354,31314,93.703125
354,43701,88.64453125
354,59369,92.62890625
355,3157,86.62890625
355,18712,89.66796875
355,31399,94.95703125
355,44241,90.1640625
355,59729,94.16015625
356,3152,87.66015625
356,19174,90.953125
356,31607,95.23046875
356,44129,90.6640625
356,60007,94.6640625
357,3178,85.4140625
357,19141,88.71875
357,31701,93.7109375
357,44414,89.1796875
357,60402,92.6875
358,3272,86.1875
358,19132,89.69921875
358,31918,94.4609375
358,44611,89.9375
358,60716,94.20703125
359,3246,85.70703125
359,19176,89.21484375
359,31893,94.25
359,44917,89.83984375
359,61161,110.703125
360,3310,104.453125
360,19308,104.953125
360,32211,105.84765625
360,45341,109.34765625
360,61398,111.421875
361,3298,103.921875
361,19608,104.671875
361,32677,106.421875
361,45581,109.171875
361,61671,111.96484375
362,3209,105.21484375
362,19820,105.21484375
362,32657,106.71484375
362,45790,109.71484375
362,62096,113.96875
363,3249,106.46875
363,19598,106.71875
363,32849,107.21875
363,46166,110.71875
363,62379,113.4921875
364,3336,106.4921875
364,19880,106.4921875
364,32886,108.2421875
364,46294,111.2421875
364,62793,114.2734375
365,3293,107.2734375
365,19825,107.7734375
365,33086,108.2734375
365,46613,111.7734375
365,63172,114.28125
366,3312,106.78125
366,20202,107.78125
366,33247,108.5390625
366,46847,112.5390625
366,63477,115.31640625
367,3262,107.81640625
367,20403,108.31640625
367,33596,108.81640625
367,46926,111.82421875
367,63734,114.58984375
368,3337,107.33984375
368,20147,108.08984375
368,33818,109.08984375
368,47412,112.83984375
368,64188,115.62109375
369,3436,108.62109375
369,20179,109.37109375
369,34076,109.87109375
369,47420,113.12109375
369,64528,116.140625
370,3475,108.640625
370,20537,108.890625
370,33906,110.140625
370,47760,114.140625
370,64813,117.1484375
371,3383,108.3984375
371,20626,108.6484375
371,34293,110.1484375
371,48223,113.8984375
371,65202,116.71484375
372,3460,109.96484375
372,20683,110.21484375
372,34274,110.21484375
372,48397,113.96484375
372,65526,116.73828125
373,3462,108.73828125
373,20802,109.48828125
373,34847,110.98828125
373,48555,114.98828125
373,65848,117.73828125
374,3563,110.73828125
374,20883,111.23828125
374,34642,111.98828125
374,48842,115.98828125
374,66247,122.93359375
375,3624,114.68359375
375,20820,115.18359375
375,34943,116.18359375
375,49173,120.18359375
375,66628,122.9453125
376,3573,115.4453125
376,20927,115.6953125
376,35567,116.9453125
376,49267,121.1953125
376,66918,123.96875
377,3515,114.71875
377,21408,115.71875
377,35339,116.71875
377,49782,120.47265625
377,67360,123.2578125
378,3619,115.5078125
378,21325,116.2578125
378,35517,116.7578125
378,49793,120.5078125
378,67603,123.77734375
379,3538,113.52734375
379,21414,114.02734375
379,35786,116.02734375
379,50130,119.02734375
379,68078,122.0546875
380,3651,114.3046875
380,21787,114.8046875
380,36123,116.5546875
380,50525,120.0546875
380,68416,123.0703125
381,3676,114.8203125
381,21692,115.8203125
381,36092,117.0703125
381,51100,121.0703125
381,68793,124.16796875
382,3789,116.91796875
382,21790,117.16796875
382,36596,117.91796875
382,50992,121.91796875
382,69113,125.2421875
383,3618,116.9921875
383,21942,117.7421875
383,36466,117.9921875
383,51290,122.4921875
383,69500,124.8515625
384,3593,115.8515625
384,22033,116.8515625
384,36843,118.1015625
384,51364,122.6015625
384,69877,127.25390625
385,3681,119.00390625
385,22198,120.25390625
385,37054,121.25390625
385,51936,125.50390625
385,70368,128.07421875
386,3644,118.32421875
386,22284,119.32421875
386,37226,119.57421875
386,52062,123.82421875
386,70575,126.828125
387,3710,119.078125
387,22293,119.578125
387,37722,121.078125
387,52113,125.328125
387,70868,128.58203125
388,3856,119.08203125
388,22467,120.08203125
388,37754,121.08203125
388,52561,125.83203125
388,71300,128.60546875
389,3755,120.60546875
389,22749,121.10546875
389,37674,121.85546875
389,52723,126.35546875
389,71715,129.6640625
390,3807,119.9140625
390,22772,120.6640625
390,37774,121.6640625
390,53063,125.9140625
390,72018,128.91796875
391,3802,121.16796875
391,23034,121.41796875
391,38169,122.16796875
391,53478,126.66796875
391,72351,129.6953125
392,3741,120.1953125
392,23178,120.6953125
392,38180,121.6953125
392,53804,125.9453125
392,72756,128.74609375
393,3853,120.49609375
393,23074,121.74609375
393,38583,122.74609375
393,54144,126.99609375
393,73209,130.25
394,3874,121.5
394,23482,121.75
394,38650,122.25
394,54397,127.25
394,73603,130.06640625
395,3740,120.81640625
395,23209,122.06640625
395,38519,122.31640625
395,54525,126.81640625
395,73862,129.5859375
396,3770,118.0859375
396,23455,118.5859375
396,39092,122.5859375
396,54677,124.8359375
396,74242,127.85546875
397,3937,119.35546875
397,23306,119.85546875
397,39406,122.60546875
397,55204,125.10546875
397,74568,128.390625
398,3921,119.640625
398,23729,120.140625
398,39256,123.390625
398,55284,126.140625
398,75046,129.42578125
399,3890,119.67578125
399,23865,120.17578125
399,39652,123.92578125
399,55531,126.42578125
399,75397,129.69140625
