2,1,38.54296875
5,5,38.56640625
5,6,38.578125
5,7,38.58203125
5,8,38.58984375
2,1,38.58984375
2,1,38.58984375
5,4,38.58984375
6,12,38.625
6,14,38.640625
4,2,38.640625
7,9,38.640625
7,11,38.640625
7,12,38.64453125
7,20,38.6484375
8,9,38.6484375
8,13,38.6484375
8,18,38.6484375
8,28,38.6484375
2,1,38.6484375
8,7,38.6484375
9,20,38.6484375
9,22,38.66015625
9,35,38.6640625
6,4,38.6640625
10,12,38.6640625
10,22,38.6640625
10,30,38.6640625
10,44,38.671875
7,4,38.671875
10,15,38.671875
11,28,38.671875
11,40,38.671875
11,52,38.69921875
7,5,38.69921875
12,27,38.765625
12,33,38.7890625
12,52,38.86328125
12,65,38.91796875
10,8,38.91796875
13,29,38.91796875
13,43,38.91796875
13,56,38.91796875
13,74,38.94140625
10,7,38.94140625
14,36,38.94140625
14,44,38.94140625
14,55,38.94140625
14,89,38.95703125
4,2,38.95703125
15,36,38.95703125
15,59,38.95703125
15,70,38.95703125
15,100,38.9609375
9,6,38.9609375
16,35,38.9609375
16,66,38.9609375
16,93,38.96484375
16,115,38.97265625
8,4,38.97265625
17,48,38.97265625
17,66,38.97265625
17,101,38.97265625
17,127,38.98828125
11,9,38.98828125
18,46,38.98828125
18,72,38.98828125
18,107,38.98828125
18,142,39.0
11,8,39.0
19,57,39.0
19,85,39.0
19,124,39.0
19,159,39.01953125
13,9,39.01953125
20,70,39.1328125
20,86,39.18359375
20,131,39.265625
20,185,39.27734375
12,7,39.27734375
21,64,39.27734375
21,112,39.27734375
21,155,39.27734375
21,202,39.29296875
17,15,39.29296875
22,76,39.29296875
22,117,39.29296875
22,175,39.29296875
22,218,39.30859375
18,13,39.30859375
23,85,39.30859375
23,131,39.30859375
23,172,39.30859375
23,245,39.32421875
17,12,39.32421875
24,90,39.32421875
24,132,39.32421875
24,204,39.32421875
24,264,39.34375
21,25,39.34375
25,82,39.34375
25,144,39.34375
25,227,39.34375
25,291,39.3515625
18,13,39.3515625
26,114,39.3515625
26,160,39.3515625
26,236,39.35546875
26,314,39.62109375
24,19,39.62109375
27,114,39.62109375
27,170,39.37109375
27,234,39.3828125
27,331,39.6328125
25,21,39.3828125
28,117,39.3828125
28,174,39.41796875
28,271,39.6328125
28,356,39.90234375
23,21,39.65234375
29,134,39.65234375
29,176,39.65625
29,268,39.65625
29,384,39.765625
16,16,39.515625
30,114,39.515625
30,202,39.8046875
30,298,39.92578125
30,410,40.1875
21,21,39.9375
31,155,39.9375
31,236,39.9375
31,308,39.98828125
31,449,40.3671875
27,22,40.1171875
32,150,40.1875
32,263,39.96875
32,364,40.1328125
32,471,40.3046875
22,21,40.21875
33,172,40.21875
33,260,40.21875
33,383,40.2578125
33,509,40.5390625
29,24,40.484375
34,174,40.484375
34,289,40.484375
34,391,40.484375
34,529,40.69140625
26,26,40.5234375
35,180,40.5234375
35,297,40.5234375
35,419,40.5234375
35,567,40.6171875
32,33,40.6171875
36,171,40.6171875
36,306,40.54296875
36,443,40.62109375
36,602,40.99609375
28,28,40.99609375
37,201,40.99609375
37,336,40.796875
37,463,40.96875
37,630,41.2109375
30,23,41.2109375
38,228,41.33203125
38,353,40.83203125
38,477,40.78515625
38,667,40.921875
37,42,40.921875
39,237,40.8359375
39,357,40.8359375
39,525,40.97265625
39,714,41.24609375
36,43,41.10546875
40,208,40.85546875
40,413,40.85546875
40,544,41.09375
40,737,41.35546875
34,47,41.12109375
41,241,40.87109375
41,406,40.87109375
41,581,40.984375
41,783,41.30078125
36,45,41.30078125
42,261,41.30078125
42,426,41.14453125
42,624,41.18359375
42,822,41.45703125
34,44,41.3984375
43,271,40.8984375
43,467,40.9609375
43,636,41.38671875
43,867,41.56640625
39,48,41.64453125
44,279,41.40234375
44,474,41.40234375
44,655,41.5859375
44,908,41.8203125
41,47,41.66796875
45,276,41.41796875
45,492,41.41796875
45,689,41.46875
45,939,41.73046875
42,52,41.73046875
46,299,41.73046875
46,532,41.93359375
46,722,42.125
46,984,42.3828125
44,55,41.94140625
47,333,41.94140625
47,566,41.94140625
47,754,41.96484375
47,1028,42.4921875
43,62,42.52734375
48,350,42.5859375
48,570,42.5859375
48,785,42.5859375
48,1076,42.8046875
45,56,42.8046875
49,348,42.8359375
49,594,42.8359375
49,817,42.8359375
49,1110,43.0
47,60,42.25
50,347,42.34765625
50,598,42.34765625
50,862,42.55859375
50,1155,42.875
43,59,42.875
51,390,42.625
51,659,42.625
51,875,42.65234375
51,1210,43.12890625
48,66,42.87890625
52,390,42.62890625
52,685,42.62890625
52,938,42.66015625
52,1274,42.921875
52,64,42.421875
53,418,42.421875
53,692,42.421875
53,976,42.56640625
53,1325,42.93359375
53,74,42.68359375
54,442,42.68359375
54,720,42.68359375
54,1014,42.7109375
54,1361,43.18359375
55,83,42.93359375
55,435,42.43359375
55,714,42.43359375
55,1057,42.58984375
55,1402,42.9375
53,73,42.4375
56,474,42.4375
56,781,42.55859375
56,1070,42.9296875
56,1460,43.23828125
55,85,42.98828125
57,465,42.98828125
57,818,42.98828125
57,1073,43.23828125
57,1513,43.48828125
54,78,42.98828125
58,500,42.98828125
58,816,42.98828125
58,1123,43.1875
58,1566,43.48828125
54,77,42.98828125
59,499,42.73828125
59,847,42.8515625
59,1200,43.23828125
59,1618,43.53515625
57,92,43.03515625
60,509,43.03515625
60,905,43.1953125
60,1244,43.53515625
60,1682,43.7890625
60,93,43.5390625
61,556,43.5390625
61,894,43.5390625
61,1272,43.7890625
61,1736,44.0390625
58,86,43.0390625
62,594,43.0390625
62,951,43.2890625
62,1311,43.5390625
62,1768,43.79296875
60,84,43.54296875
63,611,43.29296875
63,960,43.29296875
63,1414,43.54296875
63,1838,43.84765625
61,103,43.59765625
64,592,43.34765625
64,1025,43.44140625
64,1429,43.84765625
64,1911,44.1015625
63,107,43.3515625
65,653,43.3515625
65,1064,43.6015625
65,1461,43.8515625
65,1971,44.3515625
62,107,43.6015625
66,708,43.6015625
66,1083,43.4296875
66,1458,43.8515625
66,2047,44.17578125
64,120,43.92578125
67,649,43.92578125
67,1106,44.17578125
67,1595,44.42578125
67,2104,44.609375
66,138,44.109375
68,701,44.109375
68,1122,44.34375
68,1625,44.609375
68,2156,45.12109375
66,105,44.62109375
69,711,44.62109375
69,1134,44.62109375
69,1627,44.87109375
69,2225,45.125
66,129,44.12109375
70,716,44.12109375
70,1199,44.44921875
70,1681,44.62109375
70,2275,44.93359375
71,118,43.93359375
71,735,43.93359375
71,1252,44.18359375
71,1737,44.43359375
71,2354,44.953125
70,107,43.703125
72,756,43.703125
72,1305,43.953125
72,1784,44.453125
72,2418,44.95703125
72,125,44.45703125
73,787,44.45703125
73,1353,44.45703125
73,1863,44.95703125
73,2523,44.9609375
73,129,44.2109375
74,819,43.7109375
74,1360,43.9609375
74,1882,44.2109375
74,2584,44.53125
74,140,43.1328125
75,856,43.19140625
75,1409,43.453125
75,1911,43.859375
75,2638,43.6328125
75,139,43.3828125
76,826,43.44140625
76,1427,43.98828125
76,1997,44.37109375
76,2701,44.8046875
75,145,44.0546875
77,879,44.0546875
77,1490,44.3046875
77,2103,44.8046875
77,2766,44.8046875
78,164,44.3046875
78,883,44.0546875
78,1512,44.3046875
78,2061,44.5546875
78,2872,44.8125
78,152,44.0625
79,968,44.0625
79,1582,44.3125
79,2097,44.8125
79,2919,43.92578125
79,166,43.67578125
80,923,43.70703125
80,1564,44.2421875
80,2201,44.87890625
80,3018,45.64453125
81,156,45.14453125
81,983,45.14453125
81,1630,45.64453125
81,2271,45.89453125
81,3068,46.40234375
81,182,45.40234375
82,1020,44.90234375
82,1619,45.15234375
82,2317,45.40234375
82,3133,45.66015625
81,177,44.66015625
83,1042,44.66015625
83,1670,44.91015625
83,2404,45.16015625
83,3234,45.43359375
82,184,44.43359375
84,1028,44.18359375
84,1726,44.43359375
84,2445,44.68359375
84,3299,45.0078125
83,180,44.2578125
85,1088,44.51953125
85,1796,44.7578125
85,2488,45.2578125
85,3384,45.2578125
86,178,45.0078125
86,1076,45.0078125
86,1812,45.2578125
86,2554,45.7578125
86,3481,46.0234375
85,197,44.7734375
87,1125,44.7734375
87,1859,45.0234375
87,2577,45.2734375
87,3576,45.5234375
87,192,45.0234375
88,1146,45.0234375
88,1866,45.2734375
88,2680,45.7734375
88,3629,45.78515625
88,199,45.28515625
89,1244,45.28515625
89,1974,45.53515625
89,2758,46.03515625
89,3719,46.37109375
90,191,45.87109375
90,1200,45.87109375
90,2038,46.37109375
90,2742,46.62109375
90,3805,46.88671875
90,217,45.13671875
91,1267,45.13671875
91,2020,45.38671875
91,2855,45.63671875
91,3891,45.89453125
92,188,45.64453125
92,1271,45.64453125
92,2130,46.14453125
92,2889,46.14453125
92,3965,46.39453125
93,204,45.64453125
93,1303,45.64453125
93,2099,45.89453125
93,2937,46.1484375
93,4047,46.39453125
94,211,46.14453125
94,1320,45.89453125
94,2187,46.14453125
94,3071,46.64453125
94,4162,45.92578125
95,222,45.17578125
95,1307,44.92578125
95,2267,45.6484375
95,3152,45.90234375
95,4250,46.15625
96,217,45.40234375
96,1403,45.15234375
96,2297,45.40234375
96,3219,45.92578125
96,4326,46.52734375
96,230,45.77734375
97,1445,46.02734375
97,2296,46.27734375
97,3239,46.52734375
97,4438,46.87109375
97,250,46.55078125
98,1390,46.30078125
98,2395,46.55078125
98,3318,46.62109375
98,4525,46.94140625
99,239,45.87109375
99,1429,45.87109375
99,2389,46.12109375
99,3407,46.64453125
99,4576,47.1640625
99,231,45.89453125
100,1464,45.64453125
100,2459,45.64453125
100,3468,45.89453125
100,4710,45.578125
101,240,44.42578125
101,1495,44.42578125
101,2576,45.04296875
101,3509,45.53515625
101,4804,46.078125
100,266,45.67578125
102,1537,45.67578125
102,2583,46.0390625
102,3625,46.54296875
102,4892,46.2421875
101,271,44.92578125
103,1515,45.17578125
103,2622,45.5625
103,3657,46.3828125
103,4979,46.234375
104,244,44.92578125
104,1655,44.92578125
104,2652,45.578125
104,3756,46.38671875
104,5073,46.17578125
105,308,44.92578125
105,1602,44.67578125
105,2758,45.3046875
105,3831,45.859375
105,5164,45.96484375
103,261,44.96484375
106,1631,45.21484375
106,2814,45.8046875
106,3937,46.14453125
106,5286,46.42578125
107,271,45.67578125
107,1711,45.17578125
107,2817,45.8046875
107,3923,46.390625
107,5380,46.92578125
108,279,45.92578125
108,1784,46.18359375
108,2912,46.8828125
108,4029,47.3984375
108,5478,47.17578125
109,304,45.67578125
109,1757,45.92578125
109,2941,46.625
109,4176,47.46484375
109,5583,47.24609375
110,304,46.49609375
110,1828,46.71875
110,3014,47.37890625
110,4235,48.23828125
110,5697,47.4765625
110,312,46.72265625
111,1858,46.47265625
111,3060,47.13671875
111,4325,47.97265625
111,5817,47.47265625
112,307,45.97265625
112,1897,45.47265625
112,3135,46.41015625
112,4360,47.01953125
112,5889,46.92578125
112,281,46.17578125
113,1899,45.92578125
113,3234,46.66796875
113,4385,47.5234375
113,5997,47.42578125
114,317,46.42578125
114,1816,45.92578125
114,3209,46.91015625
114,4463,47.7734375
114,6119,47.42578125
115,319,46.17578125
115,1931,46.17578125
115,3322,47.2578125
115,4531,46.92578125
115,6220,47.92578125
116,306,46.17578125
116,2036,45.9296875
116,3353,46.7578125
116,4604,47.875
116,6358,47.52734375
116,316,47.4765625
117,2110,46.87890625
117,3392,47.5
117,4731,47.17578125
117,6451,48.2265625
118,321,47.2265625
118,2082,46.6328125
118,3529,47.28515625
118,4869,46.92578125
118,6563,48.2265625
119,349,47.4765625
119,2184,47.38671875
119,3609,48.2890625
119,4925,47.67578125
119,6647,48.17578125
120,349,47.42578125
120,2116,47.87890625
120,3608,48.51953125
120,5029,47.96875
120,6783,48.42578125
121,368,47.17578125
121,2184,47.38671875
121,3695,47.8828125
121,5083,47.46484375
121,6888,48.47265625
121,348,47.17578125
122,2150,47.6484375
122,3668,48.36328125
122,5148,47.46484375
122,6993,48.2421875
123,366,47.42578125
123,2255,47.8984375
123,3763,48.390625
123,5254,47.92578125
123,7124,48.98046875
123,375,47.98046875
124,2330,47.69921875
124,3813,48.14453125
124,5402,47.67578125
124,7265,48.984375
125,406,47.484375
125,2319,47.95703125
125,3913,48.390625
125,5396,47.42578125
125,7336,48.734375
126,437,47.234375
126,2279,47.4609375
126,3938,47.640625
126,5524,47.2265625
126,7472,48.17578125
127,429,47.67578125
127,2358,47.98046875
127,4115,48.828125
127,5610,48.22265625
127,7612,49.5703125
128,409,47.29296875
128,2417,46.98828125
128,4049,47.90234375
128,5684,47.2421875
128,7718,48.546875
129,397,46.796875
129,2439,47.00390625
129,4151,47.62890625
129,5753,46.98046875
129,7869,48.17578125
130,411,47.17578125
130,2426,47.21484375
130,4213,47.82421875
130,5923,47.67578125
130,7979,48.875
131,424,47.48828125
131,2544,47.49609375
131,4247,48.60546875
131,5898,47.92578125
131,8094,48.61328125
132,423,47.36328125
132,2599,47.828125
132,4421,48.453125
132,6111,47.67578125
132,8244,50.59765625
133,445,48.84765625
133,2602,48.59765625
133,4420,49.09765625
133,6125,49.1875
133,8350,48.8046875
134,440,47.5546875
134,2691,48.046875
134,4430,49.171875
134,6279,50.0390625
134,8449,49.30859375
135,460,47.55859375
135,2710,47.5390625
135,4402,47.90234375
135,6276,49.1328125
135,8577,48.92578125
136,465,46.67578125
136,2785,46.828125
136,4595,47.70703125
136,6396,49.3046875
136,8743,48.8984375
137,487,48.0625
137,2762,48.328125
137,4689,49.32421875
137,6508,50.08203125
137,8833,49.5625
138,454,48.5625
138,2818,48.08984375
138,4737,49.1171875
138,6600,50.51171875
138,8949,49.8828125
139,480,47.8828125
139,2920,47.8984375
139,4694,49.16796875
139,6764,50.515625
139,9124,50.390625
140,481,49.390625
140,2997,49.91015625
140,4907,51.16796875
140,6906,52.0546875
140,9249,51.44921875
141,476,48.390625
141,2878,48.5859375
141,4969,49.609375
141,6889,51.078125
141,9397,50.32421875
142,506,48.82421875
142,2967,49.16796875
142,4955,49.94921875
142,7001,50.83203125
142,9524,50.32421875
143,485,48.32421875
143,2958,48.41796875
143,5064,48.9453125
143,7087,50.3828125
143,9629,49.62109375
144,511,48.078125
144,3108,48.171875
144,5181,49.47265625
144,7151,51.359375
144,9768,50.328125
145,513,48.578125
145,3112,48.65234375
145,5204,49.8203125
145,7276,51.12890625
145,9884,50.58203125
146,556,47.83203125
146,3097,48.16796875
146,5186,48.97265625
146,7404,50.9140625
146,10058,50.16015625
147,567,48.91015625
147,3259,49.24609375
147,5365,50.6796875
147,7522,51.6328125
147,10193,50.4140625
148,480,48.4140625
148,3317,48.765625
148,5477,50.203125
148,7659,51.921875
148,10289,50.41796875
149,540,48.91796875
149,3273,49.74609375
149,5542,50.70703125
149,7693,51.8984375
149,10492,50.421875
150,529,48.671875
150,3329,49.25
150,5570,49.9296875
150,7854,51.8984375
150,10577,50.67578125
151,595,49.17578125
151,3535,49.78125
151,5664,50.73046875
151,7821,52.6640625
151,10771,52.01953125
152,598,50.01953125
152,3450,50.53125
152,5826,51.51171875
152,7940,52.703125
152,10881,52.2265625
153,586,49.9765625
153,3428,50.51171875
153,5800,51.4609375
153,8126,52.953125
153,11042,52.27734375
154,585,50.27734375
154,3519,50.5234375
154,5904,51.91015625
154,8212,50.73828125
154,11176,52.28125
154,567,49.53125
155,3500,50.015625
155,5958,51.63671875
155,8344,50.7421875
155,11338,52.125
156,626,50.375
156,3585,50.78515625
156,6036,51.92578125
156,8442,50.92578125
156,11497,52.1328125
157,598,50.1328125
157,3717,50.40234375
157,6094,51.7265625
157,8495,51.234375
157,11611,52.94140625
158,594,49.69140625
158,3769,50.15625
158,6304,51.7109375
158,8623,51.16015625
158,11793,52.62890625
159,659,50.87890625
159,3745,51.16015625
159,6379,51.94921875
159,8782,51.73828125
159,11948,53.62109375
160,639,49.87109375
160,3774,49.66015625
160,6388,50.98046875
160,8917,50.8125
160,12107,51.8828125
161,594,49.8828125
161,3759,50.15625
161,6472,51.71875
161,8999,50.81640625
161,12223,51.890625
162,626,49.390625
162,3937,49.66015625
162,6602,51.4140625
162,9121,50.55078125
162,12363,52.37890625
163,650,50.87890625
163,3894,51.16796875
163,6575,52.25
163,9164,51.875
163,12602,52.9609375
164,666,51.4609375
164,3999,51.64453125
164,6740,52.91015625
164,9276,51.84765625
164,12713,53.28125
165,719,51.78125
165,4020,52.19140625
165,6803,53.9375
165,9418,52.28515625
165,12877,54.046875
166,681,50.546875
166,4067,50.6796875
166,6828,52.4296875
166,9496,51.81640625
166,13002,53.3359375
167,719,51.3359375
167,4079,51.92578125
167,6874,53.4140625
167,9712,52.55078125
167,13157,54.82421875
168,748,52.07421875
168,4157,52.1875
168,6952,53.4296875
168,9904,52.73046875
168,13337,54.51171875
169,710,51.26171875
169,4249,52.171875
169,7097,53.19140625
169,9942,52.640625
169,13496,54.578125
170,731,52.328125
170,4265,53.44140625
170,7263,54.453125
170,10122,53.11328125
170,13626,54.2265625
171,695,51.7265625
171,4350,52.94921875
171,7283,53.2109375
171,10105,52.5859375
171,13758,54.20703125
172,736,52.45703125
172,4396,52.953125
172,7264,53.7265625
172,10375,52.45703125
172,13992,53.83203125
173,758,51.58203125
173,4455,52.4609375
173,7396,53.2578125
173,10431,52.68359375
173,14107,54.0625
174,767,52.0625
174,4517,52.70703125
174,7547,53.9296875
174,10596,53.39453125
174,14300,54.859375
175,812,52.359375
175,4474,53.46484375
175,7695,54.19140625
175,10662,53.390625
175,14467,55.21875
176,745,52.71875
176,4551,53.71484375
176,7694,55.18359375
176,10695,53.90234375
176,14589,55.48828125
177,776,52.73828125
177,4754,53.8359375
177,7859,55.18359375
177,10964,53.9609375
177,14824,55.05859375
178,789,51.80859375
178,4770,52.84375
178,7804,53.93359375
178,10980,53.26171875
178,14966,55.11328125
179,824,52.86328125
179,4811,53.3359375
179,7912,54.43359375
179,11160,53.99609375
179,15142,55.4921875
180,786,52.4921875
180,4912,52.84765625
180,8001,52.93359375
180,11177,52.1171875
180,15252,54.11328125
181,759,51.36328125
181,4940,52.09765625
181,8194,51.26171875
181,11471,52.6640625
181,15480,53.578125
182,795,51.328125
182,4963,52.10546875
182,8247,50.44140625
182,11588,52.09375
182,15682,53.76953125
183,815,52.26953125
183,4994,52.83984375
183,8396,51.62890625
183,11795,53.1015625
183,15787,54.03125
184,828,51.78125
184,5072,52.6171875
184,8431,51.66796875
184,11887,53.8984375
184,15930,55.08203125
185,849,52.58203125
185,5076,53.09765625
185,8367,51.3515625
185,11967,52.9921875
185,16198,54.90234375
186,862,52.40234375
186,5130,53.36328125
186,8572,51.96875
186,12076,53.86328125
186,16311,55.5234375
187,865,52.0234375
187,5252,52.2578125
187,8780,51.046875
187,12241,52.74609375
187,16553,57.61328125
188,831,54.61328125
188,5331,54.61328125
188,8802,55.61328125
188,12338,57.10546875
188,16712,54.5546875
189,860,52.0546875
189,5220,53.01171875
189,8762,54.71484375
189,12411,56.8828125
189,16871,54.06640625
190,929,52.06640625
190,5404,52.26953125
190,9059,54.74609375
190,12540,57.37890625
190,17075,54.43359375
191,871,52.43359375
191,5475,53.26953125
191,8998,55.234375
191,12715,57.39453125
191,17242,54.33984375
192,913,52.08984375
192,5544,53.2734375
192,9149,55.24609375
192,12862,58.14453125
192,17423,55.20703125
193,929,52.20703125
193,5653,53.55078125
193,9270,55.5
193,12913,57.9296875
193,17544,55.2265625
194,951,52.9765625
194,5597,53.78515625
194,9378,55.27734375
194,12969,57.9296875
194,17764,55.67578125
195,978,53.67578125
195,5571,54.53515625
195,9374,56.53515625
195,13226,58.71484375
195,17949,56.94921875
196,938,54.94921875
196,5789,54.7890625
196,9516,57.2578125
196,13322,59.5078125
196,18137,57.44921875
197,959,54.94921875
197,5725,55.03515625
197,9591,57.27734375
197,13531,59.83984375
197,18323,56.95703125
198,942,54.20703125
198,5828,54.296875
198,9672,56.265625
198,13743,58.33984375
198,18573,55.734375
199,958,53.484375
199,5963,54.44921875
199,9797,55.53515625
199,13742,58.35546875
199,18725,55.91015625
200,1000,52.41015625
200,5926,53.2109375
200,9977,56.02734375
200,13949,58.35546875
200,18909,56.015625
201,974,54.265625
201,6070,54.21875
201,9989,56.78125
201,14118,59.36328125
201,19074,55.55859375
202,1026,53.30859375
202,6078,53.96875
202,10125,56.546875
202,14237,58.64453125
202,19314,56.15234375
203,985,53.65234375
203,6187,54.71484375
203,10263,57.30078125
203,14437,60.16015625
203,19461,57.75
204,1037,55.0
204,6257,55.74609375
204,10343,57.8046875
204,14405,60.171875
204,19701,57.71875
205,1116,54.7109375
205,6205,54.7265625
205,10360,56.8046875
205,14599,59.16796875
205,19899,56.71875
206,1026,54.96875
206,6271,55.48046875
206,10702,57.859375
206,14723,60.1875
206,20022,57.21484375
207,1141,54.46484375
207,6430,55.46484375
207,10653,57.6015625
207,14933,59.75390625
207,20275,57.44140625
208,1126,55.94140625
208,6486,56.9765625
208,10703,59.36328125
208,15145,61.88671875
208,20487,59.17578125
209,1193,56.17578125
209,6430,56.9765625
209,10800,58.6015625
209,15187,61.375
209,20647,58.9609375
210,1046,54.7109375
210,6684,55.68359375
210,10965,57.87890625
210,15269,61.13671875
210,20798,58.1484375
211,1107,55.8984375
211,6752,56.68359375
211,11196,58.39453125
211,15499,61.671875
211,21160,58.9921875
212,1088,55.7421875
212,6835,56.92578125
212,10995,58.91796875
212,15636,61.421875
212,21263,59.203125
213,1153,56.953125
213,6749,57.44140625
213,11265,59.125
213,15833,62.18359375
213,21418,59.01171875
214,1182,55.76171875
214,6738,56.671875
214,11506,59.1796875
214,15902,62.4296875
214,21612,59.57421875
215,1172,56.32421875
215,6963,55.94140625
215,11431,58.66796875
215,16008,61.69921875
215,21867,58.12109375
216,1126,54.87109375
216,6985,56.18359375
216,11597,58.66796875
216,16416,56.65234375
216,22048,58.14453125
217,1170,55.14453125
217,7002,55.953125
217,11797,59.2109375
217,16228,61.71875
217,22246,58.92578125
218,1218,56.17578125
218,7012,56.93359375
218,11925,59.75390625
218,16581,57.6640625
218,22473,59.1640625
219,1208,55.1640625
219,7212,55.9296875
219,11987,59.515625
219,16808,57.65625
219,22721,58.24609375
220,1212,56.49609375
220,7176,57.4609375
220,12146,59.77734375
220,16903,57.91796875
220,22888,59.671875
221,1179,55.921875
221,7245,56.96484375
221,12183,60.03515625
221,17027,57.80078125
221,23064,59.86328125
222,1226,56.86328125
222,7340,57.22265625
222,12269,59.78125
222,17124,57.90234375
222,23266,59.21875
223,1243,56.96875
223,7419,57.91015625
223,12371,60.7734375
223,17213,59.09765625
223,23447,61.16796875
224,1242,58.16796875
224,7509,58.6796875
224,12434,60.03515625
224,17492,58.24609375
224,23733,60.47265625
225,1238,57.22265625
225,7655,57.66796875
225,12545,60.546875
225,17644,58.36328125
225,23918,61.09765625
226,1236,58.34765625
226,7704,58.92578125
226,12728,61.046875
226,17751,58.60546875
226,24124,60.6640625
227,1338,58.1640625
227,7800,59.1875
227,12760,61.33203125
227,17979,59.44921875
227,24360,61.10546875
228,1307,58.35546875
228,7700,59.17578125
228,13002,61.59375
228,18053,59.87109375
228,24522,61.9453125
229,1262,59.1953125
229,7810,59.6953125
229,12969,62.07421875
229,18250,60.6015625
229,24790,62.12890625
230,1353,58.87890625
230,7922,59.9296875
230,13260,61.875
230,18317,60.109375
230,25003,62.3125
231,1394,59.0625
231,7929,59.43359375
231,13173,61.6171875
231,18574,60.3671875
231,25255,62.15234375
232,1358,59.15234375
232,7975,60.19140625
232,13317,61.890625
232,18729,60.37890625
232,25443,61.6640625
233,1315,58.6640625
233,8086,58.9609375
233,13570,61.99609375
233,18948,59.80078125
233,25656,61.76953125
234,1359,58.01953125
234,8202,59.21484375
234,13504,62.0
234,19003,59.80078125
234,25883,61.7265625
235,1496,59.2265625
235,8189,59.95703125
235,13904,62.73046875
235,19229,61.01171875
235,26156,63.40234375
236,1363,59.15234375
236,8226,60.203125
236,13768,62.2734375
236,19419,60.171875
236,26386,63.015625
237,1352,59.265625
237,8444,59.94140625
237,13995,62.76171875
237,19666,60.18359375
237,26522,62.53125
238,1382,59.78125
238,8450,61.19921875
238,14106,62.53515625
238,19739,60.7734375
238,26823,62.9296875
239,1421,59.1796875
239,8459,60.92578125
239,14224,63.27734375
239,19901,60.9453125
239,27024,63.56640625
240,1433,61.06640625
240,8747,62.453125
240,14324,64.296875
240,20131,62.54296875
240,27212,64.75390625
241,1345,61.50390625
241,8649,62.45703125
241,14502,64.30078125
241,20217,62.55078125
241,27428,64.26171875
242,1389,61.01171875
242,8908,61.94921875
242,14496,63.7890625
242,20398,61.7734375
242,27651,63.3359375
243,1534,60.5859375
243,8835,62.46484375
243,14675,64.5546875
243,20677,62.6328125
243,27903,64.4453125
244,1484,61.9453125
244,9010,63.453125
244,14885,65.10546875
244,20712,64.1484375
244,28174,74.484375
245,1487,70.484375
245,8992,70.484375
245,14753,70.6484375
245,21035,71.8984375
245,28374,73.1953125
246,1539,70.6953125
246,9150,70.9453125
246,15102,70.6953125
246,21107,72.6953125
246,28667,73.94921875
247,1557,70.19921875
247,9156,69.94921875
247,15198,70.69921875
247,21410,72.44921875
247,28857,73.703125
248,1611,71.453125
248,9175,70.953125
248,15365,71.203125
248,21431,73.203125
248,29073,74.71875
249,1483,70.21875
249,9103,70.71875
249,15355,70.71875
249,21754,72.46875
249,29272,73.99609375
250,1527,70.74609375
250,9362,71.24609375
250,15645,71.99609375
250,21772,73.99609375
250,29478,75.5
251,1654,72.0
251,9412,72.5
251,15653,72.25
251,21907,73.5
251,29785,75.00390625
252,1610,71.25390625
252,9433,71.50390625
252,15898,71.75390625
252,22246,73.25390625
252,30011,75.04296875
253,1592,72.04296875
253,9589,72.29296875
253,15894,72.54296875
253,22444,74.04296875
253,30295,69.3125
254,1667,66.8125
254,9736,65.8125
254,16045,66.33984375
254,22574,71.69921875
254,30573,69.3125
255,1582,66.0625
255,9755,65.8125
255,16152,66.34375
255,22600,71.97265625
255,30738,68.8125
256,1634,66.3125
256,9821,66.3125
256,16404,68.3359375
256,22785,72.4921875
256,31023,70.3125
257,1630,66.5625
257,9770,66.3125
257,16378,67.12109375
257,23030,71.73828125
257,31239,68.8125
258,1675,65.8125
258,9938,66.0625
258,16462,68.359375
258,23140,73.2265625
258,31526,69.5625
259,1654,66.0625
259,10040,66.56640625
259,16826,68.3984375
259,23353,73.01953125
259,31739,70.3125
260,1680,65.5625
260,10185,65.8125
260,16826,68.421875
260,23523,71.8046875
260,31977,68.8125
261,1671,65.3125
261,10109,65.3125
261,16941,68.0859375
261,23621,71.546875
261,32199,68.8125
262,1701,65.0625
262,10128,64.5625
262,17237,68.359375
262,23966,71.875
262,32509,68.8125
263,1679,64.3125
263,10363,64.5625
263,17222,68.8515625
263,24088,71.3984375
263,32663,68.0625
264,1742,65.0625
264,10422,64.5625
264,17360,67.87890625
264,24411,71.484375
264,33008,72.734375
265,1728,68.984375
265,10283,68.984375
265,17551,70.25
265,24409,71.734375
265,33211,76.859375
266,1796,73.609375
266,10515,73.859375
266,17688,74.859375
266,24757,76.11328125
266,33471,77.39453125
267,1743,72.89453125
267,10709,73.14453125
267,17793,75.14453125
267,24802,75.68359375
267,33786,77.44921875
268,1737,74.94921875
268,10660,74.94921875
268,17924,76.69921875
268,25059,77.953125
268,34012,79.515625
269,1842,75.265625
269,10825,75.515625
269,18162,77.265625
269,25028,78.27734375
269,34260,80.33203125
270,1747,77.58203125
270,10920,76.58203125
270,18142,77.58203125
270,25478,79.58984375
270,34547,81.93359375
271,1880,77.43359375
271,10965,77.43359375
271,18440,78.68359375
271,25656,80.4453125
271,34721,81.9609375
272,1857,78.7109375
272,11146,78.9609375
272,18425,79.4609375
272,25753,81.9765625
272,35000,83.73046875
273,1794,79.48046875
273,11074,78.73046875
273,18514,79.48046875
273,25933,81.4921875
273,35235,82.51953125
274,1924,78.01953125
274,11241,78.51953125
274,18889,79.26953125
274,26311,81.29296875
274,35539,82.3203125
275,1861,78.5703125
275,11265,78.8203125
275,18759,79.3359375
275,26148,81.8203125
275,35759,83.58984375
276,1838,78.83984375
276,11473,79.08984375
276,18853,79.58984375
276,26431,81.34375
276,36061,82.63671875
277,1918,79.63671875
277,11485,79.88671875
277,19087,80.38671875
277,26699,81.66796875
277,36271,82.671875
278,1927,78.171875
278,11674,78.421875
278,19150,79.421875
278,26981,80.76171875
278,36600,82.05859375
279,2005,78.55859375
279,11493,78.05859375
279,19499,79.30859375
279,27302,81.73046875
279,36824,82.734375
280,1997,78.484375
280,11721,78.734375
280,19581,80.734375
280,27272,82.73828125
280,37111,84.26953125
281,1920,79.51953125
281,11764,79.26953125
281,19575,80.51953125
281,27668,81.52734375
281,37364,83.53515625
282,1990,79.53515625
282,11993,80.03515625
282,19976,81.53515625
282,27815,82.32421875
282,37681,83.828125
283,1984,78.078125
283,11925,78.578125
283,19877,80.078125
283,28114,82.08203125
283,37982,83.8515625
284,2025,79.8515625
284,11950,79.3515625
284,20010,81.3515625
284,28151,82.859375
284,38191,84.40234375
285,1982,80.90234375
285,12195,81.40234375
285,20283,82.15234375
285,28300,83.90625
285,38522,85.515625
286,2016,80.265625
286,12003,80.265625
286,20240,82.515625
286,28566,83.78515625
286,38766,74.3125
287,2123,70.3125
287,12266,70.0625
287,20564,74.8515625
287,28682,78.73046875
287,39022,74.8125
288,2073,70.5625
288,12256,71.0625
288,20772,74.609375
288,28866,79.51953125
288,39246,75.3125
289,2061,70.0625
289,12525,70.8125
289,20817,74.8671875
289,29182,79.28125
289,39527,75.3125
290,2170,71.3125
290,12401,71.3125
290,20913,74.59375
290,29222,78.7734375
290,39774,75.0625
291,2193,70.3125
291,12496,70.8125
291,21167,75.65625
291,29443,80.0703125
291,40096,76.3125
292,2166,71.5625
292,12844,71.8125
292,21230,75.4140625
292,29760,80.57421875
292,40315,76.5625
293,2141,71.8125
293,12896,71.8125
293,21354,75.953125
293,30005,80.59375
293,40639,76.8125
294,2207,71.5625
294,12994,71.8125
294,21544,76.484375
294,30197,80.1484375
294,40958,76.5625
295,2191,72.5625
295,12994,72.8125
295,21614,76.7265625
295,30346,81.703125
295,41222,77.8125
296,2191,73.0625
296,13011,72.5625
296,21874,76.984375
296,30458,80.71875
296,41477,77.62890625
297,2224,73.87890625
297,13119,73.62890625
297,21888,76.96875
297,30821,82.93359375
297,41807,78.6328125
298,2225,71.1328125
298,13243,71.3828125
298,22213,77.0234375
298,30830,81.70703125
298,42054,77.1328125
299,2180,72.6328125
299,13397,72.8828125
299,22205,77.546875
299,31013,82.46484375
299,42305,77.88671875
300,2218,72.13671875
300,13372,72.63671875
300,22322,77.28125
300,31389,81.71484375
300,42605,77.13671875
301,2325,72.38671875
301,13554,72.88671875
301,22449,78.26953125
301,31558,81.984375
301,42874,77.390625
302,2287,72.890625
302,13590,72.890625
302,22508,77.8046875
302,31863,82.5078125
302,43185,77.890625
303,2277,72.390625
303,13643,72.640625
303,22620,78.06640625
303,32045,82.50390625
303,43481,77.5625
304,2272,73.0625
304,13822,73.5625
304,23014,79.32421875
304,32149,83.50390625
304,43774,78.3125
305,2326,73.8125
305,13971,74.3125
305,23009,78.58203125
305,32490,83.54296875
305,44115,78.3125
306,2389,73.8125
306,13985,73.8125
306,23495,79.609375
306,32761,84.06640625
306,44386,79.3125
307,2352,73.8125
307,14249,73.5625
307,23461,79.609375
307,32870,84.75390625
307,44575,79.0625
308,2432,74.8125
308,14146,75.0625
308,23536,78.375
308,32831,84.765625
308,44928,78.8125
309,2404,72.0625
309,14164,72.5625
309,23835,78.828125
309,33421,84.875
309,45203,78.0625
310,2480,73.3125
310,14473,74.0625
310,23990,80.1953125
310,33661,86.421875
310,45497,80.3125
311,2449,74.8125
311,14455,74.8125
311,24258,81.296875
311,33711,86.27734375
311,45802,79.3203125
312,2446,74.0625
312,14653,74.3125
312,24339,81.296875
312,34012,86.84375
312,46100,80.0625
313,2459,74.8125
313,14825,75.3125
313,24381,80.32421875
313,34067,86.3828125
313,46439,79.5625
314,2398,74.0625
314,14997,74.5625
314,24705,81.36328125
314,34256,87.24609375
314,46704,81.16796875
315,2501,75.41796875
315,15072,75.66796875
315,24524,81.82421875
315,34625,88.7421875
315,46978,81.921875
316,2559,76.921875
316,14911,77.421875
316,24995,81.8671875
316,34722,89.3046875
316,47280,82.671875
317,2552,77.421875
317,14950,77.921875
317,25145,82.11328125
317,34987,90.07421875
317,47647,83.17578125
318,2559,76.92578125
318,15091,77.17578125
318,25223,81.84375
318,35312,88.83203125
318,47858,81.92578125
319,2555,77.42578125
319,15114,77.67578125
319,25278,82.6171875
319,35373,90.609375
319,48126,83.6796875
320,2601,74.4296875
320,15235,75.1796875
320,25447,81.10546875
320,35630,88.1015625
320,48521,81.18359375
321,2603,75.93359375
321,15470,76.43359375
321,25677,82.8984375
321,36067,89.6640625
321,48798,82.18359375
322,2621,75.18359375
322,15639,75.93359375
322,25746,82.39453125
322,36202,89.4375
322,49162,82.3125
323,2635,77.3125
323,15651,77.30078125
323,25872,83.66015625
323,36320,90.9453125
323,49419,83.5625
324,2652,76.8125
324,15659,77.80078125
324,26149,83.91015625
324,36705,90.97265625
324,49688,83.8125
325,2540,77.3125
325,15703,77.05078125
325,26283,83.6640625
325,36830,91.0
325,50030,83.8125
326,2772,78.0625
326,16046,78.30859375
326,26432,84.18359375
326,37155,90.76953125
326,50399,83.0625
327,2641,76.8125
327,15853,77.3046875
327,26519,84.18359375
327,37323,90.78515625
327,50606,83.0625
328,2660,76.3125
328,15899,77.0546875
328,26625,83.453125
328,37591,90.81640625
328,50961,83.0625
329,2715,77.8125
329,16241,77.8125
329,27008,84.0625
329,37720,91.21875
329,51321,83.3125
330,2765,75.3125
330,16218,76.3125
330,27310,83.96484375
330,37886,90.890625
330,51556,82.5625
331,2651,76.8125
331,16326,77.31640625
331,27244,84.94921875
331,38417,92.45703125
331,52015,84.0625
332,2704,77.0625
332,16339,77.56640625
332,27435,85.2109375
332,38394,92.7265625
332,52151,84.3125
333,2662,78.0625
333,16578,79.73046875
333,27508,85.7109375
333,38625,93.0546875
333,52518,84.96484375
334,2831,78.96484375
334,16621,80.23828125
334,27919,86.7734375
334,38921,83.5625
334,52793,86.46484375
335,2778,80.46484375
335,16640,81.48046875
335,27838,86.74609375
335,39246,83.3125
335,53157,86.21875
336,2828,79.21875
336,16835,81.04296875
336,28027,86.75390625
336,39300,83.0625
336,53437,85.96875
337,2891,80.46875
337,17215,83.2265625
337,28521,88.05078125
337,39721,84.81640625
337,53875,87.97265625
338,2862,79.22265625
338,17162,81.20703125
338,28464,87.30078125
338,39810,83.8125
338,54080,86.7265625
339,2781,80.2265625
339,17260,81.46875
339,28600,86.8046875
339,40171,82.3125
339,54522,85.2265625
340,2962,77.9765625
340,17186,79.7265625
340,28802,85.57421875
340,40373,82.3125
340,54730,85.48046875
341,2867,79.48046875
341,17319,81.703125
341,29053,87.59765625
341,40720,84.3125
341,55123,86.3125
342,2996,78.5625
342,17368,80.96484375
342,29101,86.84765625
342,40996,83.5625
342,55358,85.5625
343,2836,80.0625
343,17723,82.49609375
343,29284,88.109375
343,41002,84.5703125
343,55704,87.0625
344,2932,79.3125
344,17640,81.984375
344,29497,87.85546875
344,41282,84.87890625
344,56009,87.0625
345,2871,80.0625
345,17864,82.98828125
345,29551,87.8671875
345,41576,84.87890625
345,56457,86.5625
346,3002,79.3125
346,17890,82.015625
346,30006,87.8828125
346,41762,84.8828125
346,56789,86.3125
347,2977,80.3125
347,18154,82.76953125
347,30022,88.671875
347,41965,84.6328125
347,57079,86.8125
348,2996,79.3125
348,18161,81.01171875
348,30261,86.9609375
348,42571,84.13671875
348,57368,86.3125
349,3063,80.0625
349,18290,82.265625
349,30365,88.5390625
349,42387,85.38671875
349,57720,87.0625
350,3118,80.8125
350,18241,83.515625
350,30656,90.24609375
350,42746,86.13671875
350,57989,87.3125
351,3106,80.8125
351,18345,83.7734375
351,30470,89.26953125
351,42995,85.890625
351,58284,89.32421875
352,3075,80.32421875
352,18399,81.26953125
352,30956,88.00390625
352,43099,83.8984375
352,58719,87.08203125
353,3059,80.33203125
353,18742,82.5546875
353,31026,89.51953125
353,43499,85.0625
353,59069,89.2890625
354,3203,81.0390625
354,18802,82.8203125
354,31314,90.06640625
354,43701,85.3125
354,59369,89.546875
355,3157,81.546875
355,18712,83.2890625
355,31399,90.1796875
355,44241,85.8125
355,59729,89.8046875
356,3152,82.0546875
356,19174,83.83203125
356,31607,90.82421875
356,44129,86.0625
356,60007,89.8125
357,3178,83.0625
357,19141,84.33984375
357,31701,90.84375
357,44414,86.5625
357,60402,90.5703125
358,3272,83.3203125
358,19132,84.57421875
358,31918,91.33984375
358,44611,87.0625
358,60716,91.33203125
359,3246,84.33203125
359,19176,86.08203125
359,31893,92.85546875
359,44917,89.0625
359,61161,108.53515625
360,3310,101.28515625
360,19308,101.28515625
360,32211,104.03515625
360,45341,106.43359375
360,61398,109.015625
361,3298,102.015625
361,19608,102.515625
361,32677,105.265625
361,45581,107.515625
361,61671,109.87109375
362,3209,101.62109375
362,19820,102.87109375
362,32657,105.62109375
362,45790,107.12109375
362,62096,111.1015625
363,3249,104.8515625
363,19598,104.8515625
363,32849,107.1015625
363,46166,108.8515625
363,62379,111.13671875
364,3336,103.63671875
364,19880,103.88671875
364,32886,105.88671875
364,46294,107.88671875
364,62793,110.640625
365,3293,102.390625
365,19825,103.140625
365,33086,105.890625
365,46613,108.390625
365,63172,111.16796875
366,3312,100.66796875
366,20202,100.91796875
366,33247,103.671875
366,46847,106.16796875
366,63477,108.42578125
367,3262,101.67578125
367,20403,102.17578125
367,33596,105.42578125
367,46926,106.93359375
367,63734,109.9765625
368,3337,100.4765625
368,20147,101.2265625
368,33818,104.2265625
368,47412,106.4765625
368,64188,109.24609375
369,3436,101.74609375
369,20179,102.49609375
369,34076,104.99609375
369,47420,107.49609375
369,64528,110.515625
370,3475,102.515625
370,20537,103.265625
370,33906,106.015625
370,47760,107.765625
370,64813,110.2734375
371,3383,101.7734375
371,20626,102.5234375
371,34293,105.5234375
371,48223,108.0234375
371,65202,110.578125
372,3460,101.078125
372,20683,101.578125
372,34274,104.828125
372,48397,107.328125
372,65526,109.8515625
373,3462,102.8515625
373,20802,103.8515625
373,34847,106.8515625
373,48555,109.1015625
373,65848,112.1015625
374,3563,102.8515625
374,20883,103.6015625
374,34642,106.8515625
374,48842,109.8515625
374,66247,115.78125
375,3624,108.53125
375,20820,108.28125
375,34943,112.03125
375,49173,114.03125
375,66628,116.82421875
376,3573,108.57421875
376,20927,109.32421875
376,35567,112.32421875
376,49267,114.57421875
376,66918,117.828125
377,3515,109.828125
377,21408,110.328125
377,35339,113.828125
377,49782,115.828125
377,67360,118.6171875
378,3619,111.1171875
378,21325,112.1171875
378,35517,114.8671875
378,49793,117.1171875
378,67603,120.375
379,3538,110.125
379,21414,110.625
379,35786,113.875
379,50130,115.875
379,68078,118.91796875
380,3651,111.41796875
380,21787,111.91796875
380,36123,114.91796875
380,50525,117.41796875
380,68416,119.921875
381,3676,111.671875
381,21692,112.671875
381,36092,115.921875
381,51100,118.421875
381,68793,121.54296875
382,3789,113.29296875
382,21790,113.54296875
382,36596,117.54296875
382,50992,120.29296875
382,69113,123.11328125
383,3618,113.11328125
383,21942,113.86328125
383,36466,116.11328125
383,51290,118.11328125
383,69500,120.7109375
384,3593,111.9609375
384,22033,112.7109375
384,36843,115.7109375
384,51364,117.7109375
384,69877,122.109375
385,3681,112.109375
385,22198,112.859375
385,37054,116.359375
385,51936,118.609375
385,70368,121.1796875
386,3644,113.4296875
386,22284,114.9296875
386,37226,117.6796875
386,52062,119.9375
386,70575,123.18359375
387,3710,113.68359375
387,22293,114.18359375
387,37722,117.68359375
387,52113,119.93359375
387,70868,122.7109375
388,3856,113.9609375
388,22467,114.7109375
388,37754,117.7109375
388,52561,120.7109375
388,71300,123.98046875
389,3755,114.98046875
389,22749,115.48046875
389,37674,118.98046875
389,52723,121.98046875
389,71715,124.7421875
390,3807,113.9921875
390,22772,114.7421875
390,37774,118.2421875
390,53063,119.9921875
390,72018,123.03125
391,3802,115.03125
391,23034,116.03125
391,38169,119.28125
391,53478,122.03125
391,72351,124.78515625
392,3741,114.03515625
392,23178,114.53515625
392,38180,118.03515625
392,53804,120.28515625
392,72756,123.09375
393,3853,114.84375
393,23074,115.84375
393,38583,119.34375
393,54144,121.84375
393,73209,125.13671875
394,3874,115.13671875
394,23482,115.63671875
394,38650,119.38671875
394,54397,121.63671875
394,73603,124.4140625
395,3740,116.1640625
395,23209,116.9140625
395,38519,120.6640625
395,54525,122.6640625
395,73862,125.42578125
396,3770,113.92578125
396,23455,114.67578125
396,39092,117.92578125
396,54677,120.17578125
396,74242,123.7421875
397,3937,115.4921875
397,23306,116.2421875
397,39406,119.4921875
397,55204,122.2421875
397,74568,125.49609375
398,3921,116.24609375
398,23729,116.74609375
398,39256,120.24609375
398,55284,122.49609375
398,75046,125.7734375
399,3890,116.7734375
399,23865,117.7734375
399,39652,120.7734375
399,55531,123.0234375
399,75397,126.0546875
