2,1,1.3113021850585938e-05
5,5,2.002716064453125e-05
5,6,1.8835067749023438e-05
5,7,1.811981201171875e-05
5,8,1.6927719116210938e-05
2,1,7.62939453125e-06
2,1,6.4373016357421875e-06
5,4,1.5974044799804688e-05
6,12,2.2411346435546875e-05
6,14,2.193450927734375e-05
4,2,1.049041748046875e-05
7,9,2.288818359375e-05
7,11,2.4318695068359375e-05
7,12,2.4557113647460938e-05
7,20,2.7894973754882812e-05
8,9,2.5987625122070312e-05
8,13,2.6941299438476562e-05
8,18,3.218650817871094e-05
8,28,3.790855407714844e-05
2,1,1.33514404296875e-05
8,7,2.5510787963867188e-05
9,20,3.4809112548828125e-05
9,22,3.719329833984375e-05
9,35,4.2438507080078125e-05
6,4,1.71661376953125e-05
10,12,3.147125244140625e-05
10,22,3.457069396972656e-05
10,30,4.4345855712890625e-05
10,44,5.316734313964844e-05
7,4,1.9788742065429688e-05
10,15,4.2438507080078125e-05
11,28,4.3392181396484375e-05
11,40,5.1021575927734375e-05
11,52,5.7697296142578125e-05
7,5,2.3603439331054688e-05
12,27,5.841255187988281e-05
12,33,5.364418029785156e-05
12,52,9.202957153320312e-05
12,65,7.224082946777344e-05
10,8,3.075599670410156e-05
13,29,9.894371032714844e-05
13,43,5.698204040527344e-05
13,56,6.031990051269531e-05
13,74,6.747245788574219e-05
10,7,3.9577484130859375e-05
14,36,5.602836608886719e-05
14,44,5.507469177246094e-05
14,55,5.936622619628906e-05
14,89,7.390975952148438e-05
4,2,1.33514404296875e-05
15,36,9.846687316894531e-05
15,59,6.747245788574219e-05
15,70,7.271766662597656e-05
15,100,8.320808410644531e-05
9,6,2.384185791015625e-05
16,35,5.984306335449219e-05
16,66,7.557868957519531e-05
16,93,8.296966552734375e-05
16,115,9.1552734375e-05
8,4,2.1457672119140625e-05
17,48,6.842613220214844e-05
17,66,7.557868957519531e-05
17,101,8.702278137207031e-05
17,127,0.00011897087097167969
11,9,6.175041198730469e-05
18,46,0.00025725364685058594
18,72,0.000202178955078125
18,107,0.000156402587890625
18,142,0.0001480579376220703
11,8,7.152557373046875e-05
19,57,0.0001399517059326172
19,85,0.00010347366333007812
19,124,0.00011134147644042969
19,159,0.00011682510375976562
13,9,5.459785461425781e-05
20,70,8.416175842285156e-05
20,86,9.202957153320312e-05
20,131,0.00013065338134765625
20,185,0.0001285076141357422
12,7,3.123283386230469e-05
21,64,0.0001232624053955078
21,112,0.00023889541625976562
21,155,0.0001595020294189453
21,202,0.00019216537475585938
17,15,7.772445678710938e-05
22,76,0.00010395050048828125
22,117,0.00017786026000976562
22,175,0.0002543926239013672
22,218,0.000141143798828125
18,13,5.9604644775390625e-05
23,85,0.00011491775512695312
23,131,0.0002570152282714844
23,172,0.0001983642578125
23,245,0.00018334388732910156
17,12,5.173683166503906e-05
24,90,0.00011205673217773438
24,132,0.00013327598571777344
24,204,0.00015401840209960938
24,264,0.0001709461212158203
21,25,7.987022399902344e-05
25,82,0.00011849403381347656
25,144,0.0003371238708496094
25,227,0.0002574920654296875
25,291,0.0002677440643310547
18,13,7.367134094238281e-05
26,114,0.00012636184692382812
26,160,0.00014257431030273438
26,236,0.0002033710479736328
26,314,0.000518798828125
24,19,0.0001316070556640625
27,114,0.0002181529998779297
27,170,0.00020265579223632812
27,234,0.00018095970153808594
27,331,0.0003910064697265625
25,21,0.00012111663818359375
28,117,0.0002448558807373047
28,174,0.0003058910369873047
28,271,0.00019431114196777344
28,356,0.0002231597900390625
23,21,7.009506225585938e-05
29,134,0.00017523765563964844
29,176,0.00016069412231445312
29,268,0.00019311904907226562
29,384,0.00026726722717285156
16,16,6.914138793945312e-05
30,114,0.00015997886657714844
30,202,0.0002117156982421875
30,298,0.00021719932556152344
30,410,0.0004754066467285156
21,21,0.0002028942108154297
31,155,0.0003681182861328125
31,236,0.00042557716369628906
31,308,0.00041985511779785156
31,449,0.0003001689910888672
27,22,7.653236389160156e-05
32,150,0.0002987384796142578
32,263,0.0003924369812011719
32,364,0.0004425048828125
32,471,0.0004513263702392578
22,21,0.00011110305786132812
33,172,0.00028777122497558594
33,260,0.00024271011352539062
33,383,0.0002989768981933594
33,509,0.0002970695495605469
29,24,8.845329284667969e-05
34,174,0.0001659393310546875
34,289,0.00033855438232421875
34,391,0.0002884864807128906
34,529,0.0003123283386230469
26,26,7.963180541992188e-05
35,180,0.00017714500427246094
35,297,0.0003330707550048828
35,419,0.0003027915954589844
35,567,0.0003159046173095703
32,33,0.00010228157043457031
36,171,0.00018477439880371094
36,306,0.00029015541076660156
36,443,0.00032448768615722656
36,602,0.00032401084899902344
28,28,8.463859558105469e-05
37,201,0.0001952648162841797
37,336,0.0003173351287841797
37,463,0.0003001689910888672
37,630,0.0003452301025390625
30,23,8.606910705566406e-05
38,228,0.00027823448181152344
38,353,0.00036454200744628906
38,477,0.0004553794860839844
38,667,0.00036215782165527344
37,42,0.00015664100646972656
39,237,0.0003695487976074219
39,357,0.00029087066650390625
39,525,0.00032329559326171875
39,714,0.0010166168212890625
36,43,0.00017833709716796875
40,208,0.0003101825714111328
40,413,0.0003254413604736328
40,544,0.0003211498260498047
40,737,0.0005335807800292969
34,47,0.00013303756713867188
41,241,0.00022745132446289062
41,406,0.0002803802490234375
41,581,0.0005016326904296875
41,783,0.00041222572326660156
36,45,0.0001499652862548828
42,261,0.0002377033233642578
42,426,0.00038504600524902344
42,624,0.00043010711669921875
42,822,0.0006144046783447266
34,44,0.00016760826110839844
43,271,0.00039076805114746094
43,467,0.00036835670471191406
43,636,0.00036454200744628906
43,867,0.0005197525024414062
39,48,0.0001442432403564453
44,279,0.0002536773681640625
44,474,0.0003199577331542969
44,655,0.0003840923309326172
44,908,0.0004565715789794922
41,47,0.00015592575073242188
45,276,0.0003216266632080078
45,492,0.0003452301025390625
45,689,0.00038814544677734375
45,939,0.0006821155548095703
42,52,0.00014281272888183594
46,299,0.0002617835998535156
46,532,0.0006563663482666016
46,722,0.0005362033843994141
46,984,0.0008401870727539062
44,55,0.0002067089080810547
47,333,0.00032019615173339844
47,566,0.0003578662872314453
47,754,0.0004904270172119141
47,1028,0.0005004405975341797
43,62,0.00014972686767578125
48,350,0.0002772808074951172
48,570,0.0005221366882324219
48,785,0.0004343986511230469
48,1076,0.0007398128509521484
45,56,0.00015783309936523438
49,348,0.00030541419982910156
49,594,0.0006694793701171875
49,817,0.00045013427734375
49,1110,0.0006997585296630859
47,60,0.00017952919006347656
50,347,0.0006098747253417969
50,598,0.0004949569702148438
50,862,0.00046515464782714844
50,1155,0.0006475448608398438
43,59,0.0001544952392578125
51,390,0.00031113624572753906
51,659,0.0008819103240966797
51,875,0.0004756450653076172
51,1210,0.0005927085876464844
48,66,0.0002205371856689453
52,390,0.0003910064697265625
52,685,0.0004742145538330078
52,938,0.00078582763671875
52,1274,0.0006058216094970703
52,64,0.00017690658569335938
53,418,0.0003478527069091797
53,692,0.00048661231994628906
53,976,0.0005285739898681641
53,1325,0.0006451606750488281
53,74,0.00018453598022460938
54,442,0.000865936279296875
54,720,0.0008754730224609375
54,1014,0.0005934238433837891
54,1361,0.0007929801940917969
55,83,0.00022101402282714844
55,435,0.00034546852111816406
55,714,0.0005738735198974609
55,1057,0.0006968975067138672
55,1402,0.0007016658782958984
53,73,0.00040793418884277344
56,474,0.0004279613494873047
56,781,0.00045037269592285156
56,1070,0.0005600452423095703
56,1460,0.0006659030914306641
55,85,0.00019502639770507812
57,465,0.000431060791015625
57,818,0.0004725456237792969
57,1073,0.0005810260772705078
57,1513,0.0006985664367675781
54,78,0.0001952648162841797
58,500,0.0004229545593261719
58,816,0.0006000995635986328
58,1123,0.0009508132934570312
58,1566,0.0015194416046142578
54,77,0.00021982192993164062
59,499,0.0004220008850097656
59,847,0.0016226768493652344
59,1200,0.0006213188171386719
59,1618,0.0007486343383789062
57,92,0.00022459030151367188
60,509,0.0005624294281005859
60,905,0.0005364418029785156
60,1244,0.0006504058837890625
60,1682,0.0007729530334472656
60,93,0.00022840499877929688
61,556,0.0007314682006835938
61,894,0.0005197525024414062
61,1272,0.000675201416015625
61,1736,0.0007910728454589844
58,86,0.0002110004425048828
62,594,0.0004451274871826172
62,951,0.0005614757537841797
62,1311,0.0006649494171142578
62,1768,0.001768350601196289
60,84,0.0003006458282470703
63,611,0.00046062469482421875
63,960,0.0012066364288330078
63,1414,0.0014989376068115234
63,1838,0.001065969467163086
61,103,0.0002834796905517578
64,592,0.0005240440368652344
64,1025,0.0014815330505371094
64,1429,0.0009319782257080078
64,1911,0.0014314651489257812
63,107,0.00024890899658203125
65,653,0.0004711151123046875
65,1064,0.0007665157318115234
65,1461,0.0008652210235595703
65,1971,0.0008869171142578125
62,107,0.0002803802490234375
66,708,0.0009469985961914062
66,1083,0.0007681846618652344
66,1458,0.0009169578552246094
66,2047,0.0011801719665527344
64,120,0.0002613067626953125
67,649,0.0005447864532470703
67,1106,0.0007486343383789062
67,1595,0.0007741451263427734
67,2104,0.0012347698211669922
66,138,0.00027489662170410156
68,701,0.0004875659942626953
68,1122,0.0006506443023681641
68,1625,0.000797271728515625
68,2156,0.001386404037475586
66,105,0.0002837181091308594
69,711,0.0006239414215087891
69,1134,0.0006515979766845703
69,1627,0.0016148090362548828
69,2225,0.0010302066802978516
66,129,0.0005273818969726562
70,716,0.0009877681732177734
70,1199,0.0006735324859619141
70,1681,0.0008184909820556641
70,2275,0.0010373592376708984
71,118,0.0002772808074951172
71,735,0.0005192756652832031
71,1252,0.0006718635559082031
71,1737,0.0008521080017089844
71,2354,0.0013239383697509766
70,107,0.0003075599670410156
72,756,0.0006306171417236328
72,1305,0.000701904296875
72,1784,0.0008559226989746094
72,2418,0.0010418891906738281
72,125,0.0002865791320800781
73,787,0.0005612373352050781
73,1353,0.0007455348968505859
73,1863,0.0022869110107421875
73,2523,0.0010950565338134766
73,129,0.00028967857360839844
74,819,0.0006434917449951172
74,1360,0.0007364749908447266
74,1882,0.0017201900482177734
74,2584,0.0010957717895507812
74,140,0.00028896331787109375
75,856,0.0005655288696289062
75,1409,0.0008709430694580078
75,1911,0.0017981529235839844
75,2638,0.0011858940124511719
75,139,0.00029850006103515625
76,826,0.0005600452423095703
76,1427,0.0007338523864746094
76,1997,0.0009143352508544922
76,2701,0.0014216899871826172
75,145,0.00034236907958984375
77,879,0.0007638931274414062
77,1490,0.0007717609405517578
77,2103,0.0010962486267089844
77,2766,0.001192331314086914
78,164,0.000316619873046875
78,883,0.0005893707275390625
78,1512,0.0007774829864501953
78,2061,0.0016033649444580078
78,2872,0.0011930465698242188
78,152,0.0003046989440917969
79,968,0.0006148815155029297
79,1582,0.0008363723754882812
79,2097,0.0020720958709716797
79,2919,0.0021855831146240234
79,166,0.0007665157318115234
80,923,0.0006239414215087891
80,1564,0.0008223056793212891
80,2201,0.0010223388671875
80,3018,0.002003908157348633
81,156,0.0003542900085449219
81,983,0.0006451606750488281
81,1630,0.0008625984191894531
81,2271,0.0010683536529541016
81,3068,0.0019180774688720703
81,182,0.0003638267517089844
82,1020,0.0006659030914306641
82,1619,0.0018711090087890625
82,2317,0.0014066696166992188
82,3133,0.0014140605926513672
81,177,0.0003311634063720703
83,1042,0.0013778209686279297
83,1670,0.0009636878967285156
83,2404,0.0011701583862304688
83,3234,0.0013668537139892578
82,184,0.0003476142883300781
84,1028,0.0006670951843261719
84,1726,0.0009002685546875
84,2445,0.001323699951171875
84,3299,0.0013654232025146484
83,180,0.0003936290740966797
85,1088,0.0006754398345947266
85,1796,0.0009036064147949219
85,2488,0.0014576911926269531
85,3384,0.0016696453094482422
86,178,0.0003631114959716797
86,1076,0.00083160400390625
86,1812,0.0009334087371826172
86,2554,0.0015263557434082031
86,3481,0.0014493465423583984
85,197,0.0003669261932373047
87,1125,0.0007410049438476562
87,1859,0.002451658248901367
87,2577,0.0011763572692871094
87,3576,0.0014569759368896484
87,192,0.0004119873046875
88,1146,0.0007102489471435547
88,1866,0.0009400844573974609
88,2680,0.0012195110321044922
88,3629,0.0015118122100830078
88,199,0.0004112720489501953
89,1244,0.0018270015716552734
89,1974,0.0017926692962646484
89,2758,0.0012142658233642578
89,3719,0.0015795230865478516
90,191,0.0006937980651855469
90,1200,0.0007586479187011719
90,2038,0.001039743423461914
90,2742,0.003834962844848633
90,3805,0.0015921592712402344
90,217,0.0005323886871337891
91,1267,0.0008230209350585938
91,2020,0.0013303756713867188
91,2855,0.0012853145599365234
91,3891,0.0016498565673828125
92,188,0.0004119873046875
92,1271,0.0011301040649414062
92,2130,0.002057313919067383
92,2889,0.0019025802612304688
92,3965,0.0016472339630126953
93,204,0.0004112720489501953
93,1303,0.0008471012115478516
93,2099,0.0011374950408935547
93,2937,0.0013494491577148438
93,4047,0.0016949176788330078
94,211,0.0006103515625
94,1320,0.0008106231689453125
94,2187,0.0014007091522216797
94,3071,0.0014450550079345703
94,4162,0.0018110275268554688
95,222,0.00043010711669921875
95,1307,0.0008256435394287109
95,2267,0.0018854141235351562
95,3152,0.0014693737030029297
95,4250,0.0018341541290283203
96,217,0.00046706199645996094
96,1403,0.0010571479797363281
96,2297,0.0022232532501220703
96,3219,0.0019097328186035156
96,4326,0.0019817352294921875
96,230,0.001043558120727539
97,1445,0.0012845993041992188
97,2296,0.0011706352233886719
97,3239,0.001966238021850586
97,4438,0.0019440650939941406
97,250,0.0005002021789550781
98,1390,0.0012710094451904297
98,2395,0.0011954307556152344
98,3318,0.0015475749969482422
98,4525,0.0033664703369140625
99,239,0.00045299530029296875
99,1429,0.0010256767272949219
99,2389,0.0013113021850585938
99,3407,0.0015022754669189453
99,4576,0.001834869384765625
99,231,0.0004858970642089844
100,1464,0.0008983612060546875
100,2459,0.001775503158569336
100,3468,0.0015327930450439453
100,4710,0.0019745826721191406
101,240,0.0004801750183105469
101,1495,0.0008959770202636719
101,2576,0.002168893814086914
101,3509,0.0021800994873046875
101,4804,0.0019707679748535156
100,266,0.0006380081176757812
102,1537,0.0010678768157958984
102,2583,0.0012912750244140625
102,3625,0.002323627471923828
102,4892,0.0019423961639404297
101,271,0.0005550384521484375
103,1515,0.001481771469116211
103,2622,0.001424551010131836
103,3657,0.001604318618774414
103,4979,0.002086162567138672
104,244,0.0004887580871582031
104,1655,0.0010700225830078125
104,2652,0.0016803741455078125
104,3756,0.0016505718231201172
104,5073,0.0019719600677490234
105,308,0.0005121231079101562
105,1602,0.0009293556213378906
105,2758,0.0013561248779296875
105,3831,0.0016510486602783203
105,5164,0.002022266387939453
103,261,0.0004878044128417969
106,1631,0.001001596450805664
106,2814,0.0017719268798828125
106,3937,0.003307342529296875
106,5286,0.002087831497192383
107,271,0.0004904270172119141
107,1711,0.0022711753845214844
107,2817,0.001458883285522461
107,3923,0.0017354488372802734
107,5380,0.002127408981323242
108,279,0.0005013942718505859
108,1784,0.0010635852813720703
108,2912,0.0013461112976074219
108,4029,0.002009868621826172
108,5478,0.0021173954010009766
109,304,0.0005283355712890625
109,1757,0.0010082721710205078
109,2941,0.0014107227325439453
109,4176,0.0017762184143066406
109,5583,0.0022449493408203125
110,304,0.000518798828125
110,1828,0.002429962158203125
110,3014,0.0014851093292236328
110,4235,0.001771688461303711
110,5697,0.002218961715698242
110,312,0.0005574226379394531
111,1858,0.001142263412475586
111,3060,0.0021142959594726562
111,4325,0.0018012523651123047
111,5817,0.002246379852294922
112,307,0.0005788803100585938
112,1897,0.001470327377319336
112,3135,0.0015125274658203125
112,4360,0.0018773078918457031
112,5889,0.0022635459899902344
112,281,0.0005025863647460938
113,1899,0.001070261001586914
113,3234,0.0015006065368652344
113,4385,0.0018873214721679688
113,5997,0.002302885055541992
114,317,0.0005512237548828125
114,1816,0.0013341903686523438
114,3209,0.0018756389617919922
114,4463,0.0018360614776611328
114,6119,0.0023610591888427734
115,319,0.0009181499481201172
115,1931,0.0010895729064941406
115,3322,0.0015668869018554688
115,4531,0.0018796920776367188
115,6220,0.002393007278442383
116,306,0.0005433559417724609
116,2036,0.0020825862884521484
116,3353,0.0016105175018310547
116,4604,0.001983642578125
116,6358,0.002457857131958008
116,316,0.0008876323699951172
117,2110,0.0011646747589111328
117,3392,0.0015947818756103516
117,4731,0.001940011978149414
117,6451,0.0027205944061279297
118,321,0.0005645751953125
118,2082,0.0011560916900634766
118,3529,0.0016505718231201172
118,4869,0.002019643783569336
118,6563,0.002576589584350586
119,349,0.0009350776672363281
119,2184,0.0012812614440917969
119,3609,0.002325773239135742
119,4925,0.002073526382446289
119,6647,0.002533435821533203
120,349,0.0009715557098388672
120,2116,0.0020248889923095703
120,3608,0.0017843246459960938
120,5029,0.002048969268798828
120,6783,0.0025916099548339844
121,368,0.0006191730499267578
121,2184,0.0012202262878417969
121,3695,0.0017139911651611328
121,5083,0.0021240711212158203
121,6888,0.002638101577758789
121,348,0.0005767345428466797
122,2150,0.0012583732604980469
122,3668,0.0016601085662841797
122,5148,0.0020971298217773438
122,6993,0.002666473388671875
123,366,0.0006024837493896484
123,2255,0.001462697982788086
123,3763,0.001710653305053711
123,5254,0.00212860107421875
123,7124,0.0027070045471191406
123,375,0.0006039142608642578
124,2330,0.0012745857238769531
124,3813,0.0017955303192138672
124,5402,0.0021805763244628906
124,7265,0.0027768611907958984
125,406,0.0011210441589355469
125,2319,0.0016777515411376953
125,3913,0.0017957687377929688
125,5396,0.0022487640380859375
125,7336,0.0028579235076904297
126,437,0.0007643699645996094
126,2279,0.0012471675872802734
126,3938,0.003000020980834961
126,5524,0.0022780895233154297
126,7472,0.0028285980224609375
127,429,0.0007822513580322266
127,2358,0.0013272762298583984
127,4115,0.0017955303192138672
127,5610,0.0023288726806640625
127,7612,0.0029404163360595703
128,409,0.0015006065368652344
128,2417,0.0015711784362792969
128,4049,0.0028772354125976562
128,5684,0.002396821975708008
128,7718,0.0030617713928222656
129,397,0.0006725788116455078
129,2439,0.0013654232025146484
129,4151,0.001878976821899414
129,5753,0.002370119094848633
129,7869,0.002989053726196289
130,411,0.0009865760803222656
130,2426,0.0013456344604492188
130,4213,0.0019214153289794922
130,5923,0.002584218978881836
130,7979,0.003099203109741211
131,424,0.0012691020965576172
131,2544,0.0019032955169677734
131,4247,0.002022266387939453
131,5898,0.0024759769439697266
131,8094,0.0031528472900390625
132,423,0.0006890296936035156
132,2599,0.002639293670654297
132,4421,0.0019443035125732422
132,6111,0.002501964569091797
132,8244,0.0032269954681396484
133,445,0.0008647441864013672
133,2602,0.0019350051879882812
133,4420,0.0019273757934570312
133,6125,0.002897977828979492
133,8350,0.003570556640625
134,440,0.0007996559143066406
134,2691,0.0015070438385009766
134,4430,0.0022516250610351562
134,6279,0.0027284622192382812
134,8449,0.0036656856536865234
135,460,0.0008461475372314453
135,2710,0.002191781997680664
135,4402,0.0019867420196533203
135,6276,0.002617359161376953
135,8577,0.0034170150756835938
136,465,0.0009734630584716797
136,2785,0.0015244483947753906
136,4595,0.0020897388458251953
136,6396,0.002719402313232422
136,8743,0.0033042430877685547
137,487,0.0009286403656005859
137,2762,0.0015625953674316406
137,4689,0.0031604766845703125
137,6508,0.002613067626953125
137,8833,0.003464937210083008
138,454,0.0010614395141601562
138,2818,0.001566171646118164
138,4737,0.004037618637084961
138,6600,0.0026557445526123047
138,8949,0.0033729076385498047
139,480,0.0009276866912841797
139,2920,0.0016107559204101562
139,4694,0.0041255950927734375
139,6764,0.0027320384979248047
139,9124,0.003399372100830078
140,481,0.0009210109710693359
140,2997,0.0016672611236572266
140,4907,0.004175901412963867
140,6906,0.002736806869506836
140,9249,0.0035016536712646484
141,476,0.00099945068359375
141,2878,0.0015778541564941406
141,4969,0.0045130252838134766
141,6889,0.00275421142578125
141,9397,0.00551295280456543
142,506,0.0007681846618652344
142,2967,0.0016071796417236328
142,4955,0.0021643638610839844
142,7001,0.0029001235961914062
142,9524,0.003515481948852539
143,485,0.0009672641754150391
143,2958,0.0018742084503173828
143,5064,0.002205371856689453
143,7087,0.0028264522552490234
143,9629,0.0036230087280273438
144,511,0.000988006591796875
144,3108,0.0016427040100097656
144,5181,0.002284526824951172
144,7151,0.003032207489013672
144,9768,0.0036559104919433594
145,513,0.0010097026824951172
145,3112,0.0017976760864257812
145,5204,0.003227710723876953
145,7276,0.0028755664825439453
145,9884,0.0038907527923583984
146,556,0.0009005069732666016
146,3097,0.002093791961669922
146,5186,0.0022535324096679688
146,7404,0.0031785964965820312
146,10058,0.0037338733673095703
147,567,0.0010330677032470703
147,3259,0.0047991275787353516
147,5365,0.002379894256591797
147,7522,0.0029616355895996094
147,10193,0.003741741180419922
148,480,0.0009415149688720703
148,3317,0.0017800331115722656
148,5477,0.0023474693298339844
148,7659,0.0030274391174316406
148,10289,0.0038988590240478516
149,540,0.0008523464202880859
149,3273,0.002463102340698242
149,5542,0.002390146255493164
149,7693,0.003082275390625
149,10492,0.0038881301879882812
150,529,0.0010099411010742188
150,3329,0.0019655227661132812
150,5570,0.0024361610412597656
150,7854,0.0031325817108154297
150,10577,0.00388336181640625
151,595,0.001049041748046875
151,3535,0.003735780715942383
151,5664,0.0024671554565429688
151,7821,0.0031003952026367188
151,10771,0.0041348934173583984
152,598,0.0009958744049072266
152,3450,0.0021114349365234375
152,5826,0.0024728775024414062
152,7940,0.003198385238647461
152,10881,0.003972291946411133
153,586,0.0009663105010986328
153,3428,0.0018508434295654297
153,5800,0.002497434616088867
153,8126,0.003141164779663086
153,11042,0.004576683044433594
154,585,0.0009427070617675781
154,3519,0.0018038749694824219
154,5904,0.0025599002838134766
154,8212,0.00316619873046875
154,11176,0.004144906997680664
154,567,0.0009729862213134766
155,3500,0.0018181800842285156
155,5958,0.002568960189819336
155,8344,0.0032281875610351562
155,11338,0.004526615142822266
156,626,0.0012722015380859375
156,3585,0.001821756362915039
156,6036,0.002664804458618164
156,8442,0.003350496292114258
156,11497,0.004275321960449219
157,598,0.0015208721160888672
157,3717,0.001903533935546875
157,6094,0.0026307106018066406
157,8495,0.003398418426513672
157,11611,0.004267215728759766
158,594,0.0012259483337402344
158,3769,0.0019423961639404297
158,6304,0.002769947052001953
158,8623,0.0034046173095703125
158,11793,0.004369974136352539
159,659,0.0014348030090332031
159,3745,0.0019028186798095703
159,6379,0.0038836002349853516
159,8782,0.0034284591674804688
159,11948,0.0043599605560302734
160,639,0.0013241767883300781
160,3774,0.0019404888153076172
160,6388,0.0027229785919189453
160,8917,0.0035054683685302734
160,12107,0.00453948974609375
161,594,0.001672506332397461
161,3759,0.0021092891693115234
161,6472,0.0027866363525390625
161,8999,0.003640890121459961
161,12223,0.00457000732421875
162,626,0.0010218620300292969
162,3937,0.0019876956939697266
162,6602,0.0029168128967285156
162,9121,0.0035784244537353516
162,12363,0.004655122756958008
163,650,0.0012311935424804688
163,3894,0.0020194053649902344
163,6575,0.0027420520782470703
163,9164,0.003566741943359375
163,12602,0.0047454833984375
164,666,0.0011243820190429688
164,3999,0.002050638198852539
164,6740,0.005118846893310547
164,9276,0.003702402114868164
164,12713,0.0047190189361572266
165,719,0.0011892318725585938
165,4020,0.002074003219604492
165,6803,0.0028562545776367188
165,9418,0.0036635398864746094
165,12877,0.007817268371582031
166,681,0.0009431838989257812
166,4067,0.0020897388458251953
166,6828,0.005141258239746094
166,9496,0.0037288665771484375
166,13002,0.00480341911315918
167,719,0.0009808540344238281
167,4079,0.002227783203125
167,6874,0.0028672218322753906
167,9712,0.00410771369934082
167,13157,0.01092672348022461
168,748,0.0017032623291015625
168,4157,0.005982637405395508
168,6952,0.0033867359161376953
168,9904,0.0076427459716796875
168,13337,0.009167194366455078
169,710,0.0013699531555175781
169,4249,0.0022144317626953125
169,7097,0.003864765167236328
169,9942,0.007802486419677734
169,13496,0.0080718994140625
170,731,0.0013027191162109375
170,4265,0.0021817684173583984
170,7263,0.0030755996704101562
170,10122,0.00393223762512207
170,13626,0.005174398422241211
171,695,0.0009653568267822266
171,4350,0.0022096633911132812
171,7283,0.0030930042266845703
171,10105,0.004380464553833008
171,13758,0.005219459533691406
172,736,0.0012478828430175781
172,4396,0.0022096633911132812
172,7264,0.003127574920654297
172,10375,0.003975868225097656
172,13992,0.009235382080078125
173,758,0.0021715164184570312
173,4455,0.0021822452545166016
173,7396,0.003108501434326172
173,10431,0.004053831100463867
173,14107,0.00537109375
174,767,0.0012140274047851562
174,4517,0.0047414302825927734
174,7547,0.0031735897064208984
174,10596,0.004209756851196289
174,14300,0.005866289138793945
175,812,0.00112152099609375
175,4474,0.002361774444580078
175,7695,0.003508329391479492
175,10662,0.004728794097900391
175,14467,0.005623340606689453
176,745,0.0011293888092041016
176,4551,0.0023169517517089844
176,7694,0.003477811813354492
176,10695,0.004368782043457031
176,14589,0.00587916374206543
177,776,0.0010442733764648438
177,4754,0.0023186206817626953
177,7859,0.003368377685546875
177,10964,0.0044708251953125
177,14824,0.005983591079711914
178,789,0.0010390281677246094
178,4770,0.0023648738861083984
178,7804,0.0036096572875976562
178,10980,0.004754543304443359
178,14966,0.006311893463134766
179,824,0.001255035400390625
179,4811,0.0026040077209472656
179,7912,0.0036516189575195312
179,11160,0.004804134368896484
179,15142,0.006360054016113281
180,786,0.00124359130859375
180,4912,0.002629995346069336
180,8001,0.0037479400634765625
180,11177,0.0048635005950927734
180,15252,0.010394096374511719
181,759,0.0012195110321044922
181,4940,0.002664327621459961
181,8194,0.0037169456481933594
181,11471,0.005028724670410156
181,15480,0.01055598258972168
182,795,0.001220703125
182,4963,0.002674579620361328
182,8247,0.003755807876586914
182,11588,0.004985332489013672
182,15682,0.007233858108520508
183,815,0.0013072490692138672
183,4994,0.0028111934661865234
183,8396,0.00399470329284668
183,11795,0.005106449127197266
183,15787,0.007361412048339844
184,828,0.0011653900146484375
184,5072,0.002446889877319336
184,8431,0.0034923553466796875
184,11887,0.004735231399536133
184,15930,0.006058931350708008
185,849,0.002015352249145508
185,5076,0.0025665760040283203
185,8367,0.0047152042388916016
185,11967,0.004767656326293945
185,16198,0.006000995635986328
186,862,0.0012471675872802734
186,5130,0.002514362335205078
186,8572,0.003632068634033203
186,12076,0.004722118377685547
186,16311,0.0062847137451171875
187,865,0.0011773109436035156
187,5252,0.002560853958129883
187,8780,0.0036802291870117188
187,12241,0.004701137542724609
187,16553,0.006151676177978516
188,831,0.0012183189392089844
188,5331,0.002563953399658203
188,8802,0.003696918487548828
188,12338,0.007676839828491211
188,16712,0.009733200073242188
189,860,0.0015757083892822266
189,5220,0.0032825469970703125
189,8762,0.005065441131591797
189,12411,0.00731205940246582
189,16871,0.010919570922851562
190,929,0.002353191375732422
190,5404,0.005704402923583984
190,9059,0.007146120071411133
190,12540,0.005942344665527344
190,17075,0.007066249847412109
191,871,0.0012607574462890625
191,5475,0.002702951431274414
191,8998,0.00919198989868164
191,12715,0.005740642547607422
191,17242,0.011776924133300781
192,913,0.0013320446014404297
192,5544,0.002769947052001953
192,9149,0.004159212112426758
192,12862,0.008005857467651367
192,17423,0.007386922836303711
193,929,0.0013766288757324219
193,5653,0.007231950759887695
193,9270,0.00433802604675293
193,12913,0.005908489227294922
193,17544,0.009081840515136719
194,951,0.0012326240539550781
194,5597,0.0028569698333740234
194,9378,0.004235506057739258
194,12969,0.013607025146484375
194,17764,0.012983560562133789
195,978,0.0019538402557373047
195,5571,0.0028350353240966797
195,9374,0.005296945571899414
195,13226,0.006032228469848633
195,17949,0.02367258071899414
196,938,0.0024335384368896484
196,5789,0.006760120391845703
196,9516,0.004566192626953125
196,13322,0.0054569244384765625
196,18137,0.021488428115844727
197,959,0.00140380859375
197,5725,0.010482072830200195
197,9591,0.008157491683959961
197,13531,0.005483865737915039
197,18323,0.019580841064453125
198,942,0.004333019256591797
198,5828,0.0028543472290039062
198,9672,0.008395195007324219
198,13743,0.008594751358032227
198,18573,0.00993037223815918
199,958,0.001941680908203125
199,5963,0.010401725769042969
199,9797,0.005312681198120117
199,13742,0.006835222244262695
199,18725,0.011410236358642578
200,1000,0.002393007278442383
200,5926,0.004297018051147461
200,9977,0.005404233932495117
200,13949,0.007059574127197266
200,18909,0.008760452270507812
201,974,0.0012714862823486328
201,6070,0.0029401779174804688
201,9989,0.010223865509033203
201,14118,0.007046937942504883
201,19074,0.015840530395507812
202,1026,0.0017132759094238281
202,6078,0.003111600875854492
202,10125,0.006953239440917969
202,14237,0.008144855499267578
202,19314,0.017385244369506836
203,985,0.0038056373596191406
203,6187,0.0030450820922851562
203,10263,0.009751081466674805
203,14437,0.01194000244140625
203,19461,0.008324146270751953
204,1037,0.0013327598571777344
204,6257,0.0032949447631835938
204,10343,0.004877567291259766
204,14405,0.011008262634277344
204,19701,0.00849151611328125
205,1116,0.0014028549194335938
205,6205,0.0032749176025390625
205,10360,0.005406379699707031
205,14599,0.008755922317504883
205,19899,0.008582353591918945
206,1026,0.0016875267028808594
206,6271,0.0036067962646484375
206,10702,0.0048065185546875
206,14723,0.0065419673919677734
206,20022,0.010385990142822266
207,1141,0.0016012191772460938
207,6430,0.0035681724548339844
207,10653,0.004879474639892578
207,14933,0.007071018218994141
207,20275,0.008886098861694336
208,1126,0.0015518665313720703
208,6486,0.003384828567504883
208,10703,0.0050089359283447266
208,15145,0.012108564376831055
208,20487,0.008232355117797852
209,1193,0.0013971328735351562
209,6430,0.005221128463745117
209,10800,0.00458526611328125
209,15187,0.006085395812988281
209,20647,0.008110761642456055
210,1046,0.0013213157653808594
210,6684,0.0032494068145751953
210,10965,0.0045278072357177734
210,15269,0.005933046340942383
210,20798,0.00811004638671875
211,1107,0.0013885498046875
211,6752,0.0031442642211914062
211,11196,0.0046617984771728516
211,15499,0.006242990493774414
211,21160,0.008293867111206055
212,1088,0.0014116764068603516
212,6835,0.003180980682373047
212,10995,0.0047206878662109375
212,15636,0.013820648193359375
212,21263,0.00865793228149414
213,1153,0.0014188289642333984
213,6749,0.003335714340209961
213,11265,0.004778623580932617
213,15833,0.0062084197998046875
213,21418,0.008249521255493164
214,1182,0.0014874935150146484
214,6738,0.0031731128692626953
214,11506,0.004988670349121094
214,15902,0.0068206787109375
214,21612,0.009366750717163086
215,1172,0.001581430435180664
215,6963,0.003741025924682617
215,11431,0.007674455642700195
215,16008,0.008568048477172852
215,21867,0.00944066047668457
216,1126,0.0015683174133300781
216,6985,0.0035445690155029297
216,11597,0.005721330642700195
216,16416,0.008227109909057617
216,22048,0.010831117630004883
217,1170,0.001661539077758789
217,7002,0.003553628921508789
217,11797,0.005268096923828125
217,16228,0.006700754165649414
217,22246,0.008933067321777344
218,1218,0.001558065414428711
218,7012,0.0035333633422851562
218,11925,0.0049610137939453125
218,16581,0.010453939437866211
218,22473,0.008923530578613281
219,1208,0.0014922618865966797
219,7212,0.003374814987182617
219,11987,0.004869222640991211
219,16808,0.0075778961181640625
219,22721,0.010387182235717773
220,1212,0.0014345645904541016
220,7176,0.003373384475708008
220,12146,0.004963874816894531
220,16903,0.006749629974365234
220,22888,0.009054183959960938
221,1179,0.0015201568603515625
221,7245,0.003383159637451172
221,12183,0.005053043365478516
221,17027,0.006798267364501953
221,23064,0.009008407592773438
222,1226,0.0014564990997314453
222,7340,0.003394603729248047
222,12269,0.005198240280151367
222,17124,0.00664973258972168
222,23266,0.009336471557617188
223,1243,0.0015482902526855469
223,7419,0.0033757686614990234
223,12371,0.005303621292114258
223,17213,0.010584354400634766
223,23447,0.009223222732543945
224,1242,0.0014798641204833984
224,7509,0.0034096240997314453
224,12434,0.0050411224365234375
224,17492,0.006963014602661133
224,23733,0.00951075553894043
225,1238,0.0014798641204833984
225,7655,0.0034847259521484375
225,12545,0.005211353302001953
225,17644,0.006806373596191406
225,23918,0.009377479553222656
226,1236,0.001495361328125
226,7704,0.003537893295288086
226,12728,0.0051686763763427734
226,17751,0.006874799728393555
226,24124,0.009543657302856445
227,1338,0.0017311573028564453
227,7800,0.00664210319519043
227,12760,0.005097627639770508
227,17979,0.007096529006958008
227,24360,0.009574413299560547
228,1307,0.0015468597412109375
228,7700,0.003583669662475586
228,13002,0.005215167999267578
228,18053,0.007363796234130859
228,24522,0.009777069091796875
229,1262,0.0016300678253173828
229,7810,0.0036656856536865234
229,12969,0.005470752716064453
229,18250,0.007700681686401367
229,24790,0.01051187515258789
230,1353,0.0024383068084716797
230,7922,0.003881692886352539
230,13260,0.005678892135620117
230,18317,0.007844924926757812
230,25003,0.011926889419555664
231,1394,0.0016050338745117188
231,7929,0.0037441253662109375
231,13173,0.006157398223876953
231,18574,0.008066654205322266
231,25255,0.01964426040649414
232,1358,0.002940654754638672
232,7975,0.00789189338684082
232,13317,0.011213064193725586
232,18729,0.013486862182617188
232,25443,0.02011394500732422
233,1315,0.0018606185913085938
233,8086,0.004492044448852539
233,13570,0.014145374298095703
233,18948,0.0091705322265625
233,25656,0.010695695877075195
234,1359,0.0018265247344970703
234,8202,0.008764982223510742
234,13504,0.008283853530883789
234,19003,0.008070230484008789
234,25883,0.011592864990234375
235,1496,0.002571582794189453
235,8189,0.00611114501953125
235,13904,0.005992889404296875
235,19229,0.014360189437866211
235,26156,0.018175125122070312
236,1363,0.001611471176147461
236,8226,0.00419163703918457
236,13768,0.011423349380493164
236,19419,0.01378774642944336
236,26386,0.01802539825439453
237,1352,0.0016624927520751953
237,8444,0.003941059112548828
237,13995,0.014740228652954102
237,19666,0.008360624313354492
237,26522,0.012933015823364258
238,1382,0.0018024444580078125
238,8450,0.005232810974121094
238,14106,0.006423473358154297
238,19739,0.009116172790527344
238,26823,0.012698650360107422
239,1421,0.0017206668853759766
239,8459,0.004093170166015625
239,14224,0.011912822723388672
239,19901,0.009273290634155273
239,27024,0.01682305335998535
240,1433,0.0016922950744628906
240,8747,0.004186153411865234
240,14324,0.012918233871459961
240,20131,0.010770559310913086
240,27212,0.016247987747192383
241,1345,0.0017693042755126953
241,8649,0.004316568374633789
241,14502,0.01116943359375
241,20217,0.01676654815673828
241,27428,0.011211872100830078
242,1389,0.0017147064208984375
242,8908,0.00405120849609375
242,14496,0.007769584655761719
242,20398,0.012126445770263672
242,27651,0.01232147216796875
243,1534,0.0019326210021972656
243,8835,0.004317283630371094
243,14675,0.008217096328735352
243,20677,0.009386062622070312
243,27903,0.013804435729980469
244,1484,0.0028734207153320312
244,9010,0.009996652603149414
244,14885,0.012205362319946289
244,20712,0.010748147964477539
244,28174,0.014042139053344727
245,1487,0.0023550987243652344
245,8992,0.010149002075195312
245,14753,0.009858131408691406
245,21035,0.013747692108154297
245,28374,0.012783050537109375
246,1539,0.004082679748535156
246,9150,0.0041370391845703125
246,15102,0.0069599151611328125
246,21107,0.009839773178100586
246,28667,0.018584489822387695
247,1557,0.0017547607421875
247,9156,0.004616498947143555
247,15198,0.006893634796142578
247,21410,0.013140439987182617
247,28857,0.01876068115234375
248,1611,0.0018417835235595703
248,9175,0.004353523254394531
248,15365,0.006688594818115234
248,21431,0.010647058486938477
248,29073,0.013809442520141602
249,1483,0.0017998218536376953
249,9103,0.004208803176879883
249,15355,0.013410806655883789
249,21754,0.00929117202758789
249,29272,0.01792144775390625
250,1527,0.0019617080688476562
250,9362,0.0071904659271240234
250,15645,0.010737180709838867
250,21772,0.010530471801757812
250,29478,0.019948959350585938
251,1654,0.005805492401123047
251,9412,0.004393339157104492
251,15653,0.006849527359008789
251,21907,0.009325265884399414
251,29785,0.01726675033569336
252,1610,0.0018603801727294922
252,9433,0.005555629730224609
252,15898,0.00717473030090332
252,22246,0.0156707763671875
252,30011,0.018791913986206055
253,1592,0.0068111419677734375
253,9589,0.004405498504638672
253,15894,0.0087127685546875
253,22444,0.010883569717407227
253,30295,0.01443028450012207
254,1667,0.0024356842041015625
254,9736,0.004584550857543945
254,16045,0.00869131088256836
254,22574,0.014638185501098633
254,30573,0.019074440002441406
255,1582,0.004935264587402344
255,9755,0.0052530765533447266
255,16152,0.00848245620727539
255,22600,0.0106048583984375
255,30738,0.014662027359008789
256,1634,0.0018830299377441406
256,9821,0.005787849426269531
256,16404,0.011868953704833984
256,22785,0.015607833862304688
256,31023,0.019591808319091797
257,1630,0.0019004344940185547
257,9770,0.00943136215209961
257,16378,0.008788108825683594
257,23030,0.016799449920654297
257,31239,0.014532327651977539
258,1675,0.0027060508728027344
258,9938,0.005331754684448242
258,16462,0.008638858795166016
258,23140,0.01472616195678711
258,31526,0.014780521392822266
259,1654,0.002324819564819336
259,10040,0.00494384765625
259,16826,0.02241826057434082
259,23353,0.017156600952148438
259,31739,0.013190507888793945
260,1680,0.0019211769104003906
260,10185,0.004791736602783203
260,16826,0.01630425453186035
260,23523,0.010813474655151367
260,31977,0.013951301574707031
261,1671,0.0019214153289794922
261,10109,0.004933595657348633
261,16941,0.011569976806640625
261,23621,0.00974893569946289
261,32199,0.018381595611572266
262,1701,0.0032994747161865234
262,10128,0.004551410675048828
262,17237,0.007297515869140625
262,23966,0.010000228881835938
262,32509,0.013521432876586914
263,1679,0.0019638538360595703
263,10363,0.004614353179931641
263,17222,0.007252216339111328
263,24088,0.015113115310668945
263,32663,0.01517033576965332
264,1742,0.002171039581298828
264,10422,0.004631519317626953
264,17360,0.00768733024597168
264,24411,0.010499715805053711
264,33008,0.014184236526489258
265,1728,0.0019910335540771484
265,10283,0.004683494567871094
265,17551,0.007482290267944336
265,24409,0.010119438171386719
265,33211,0.013747215270996094
266,1796,0.0027942657470703125
266,10515,0.0047647953033447266
266,17688,0.0072324275970458984
266,24757,0.01022791862487793
266,33471,0.013536930084228516
267,1743,0.002031087875366211
267,10709,0.004850625991821289
267,17793,0.007282733917236328
267,24802,0.010032176971435547
267,33786,0.013842344284057617
268,1737,0.0020182132720947266
268,10660,0.0047686100006103516
268,17924,0.007517099380493164
268,25059,0.01026296615600586
268,34012,0.013927221298217773
269,1842,0.0022382736206054688
269,10825,0.004993438720703125
269,18162,0.007673740386962891
269,25028,0.010938405990600586
269,34260,0.014138221740722656
270,1747,0.0019865036010742188
270,10920,0.0048825740814208984
270,18142,0.00774836540222168
270,25478,0.010476827621459961
270,34547,0.014011144638061523
271,1880,0.0020723342895507812
271,10965,0.00537872314453125
271,18440,0.014429569244384766
271,25656,0.012026071548461914
271,34721,0.02028369903564453
272,1857,0.0023927688598632812
272,11146,0.005405902862548828
272,18425,0.008476972579956055
272,25753,0.011694669723510742
272,35000,0.01540684700012207
273,1794,0.0022428035736083984
273,11074,0.005433797836303711
273,18514,0.0075359344482421875
273,25933,0.024290084838867188
273,35235,0.014959096908569336
274,1924,0.0022335052490234375
274,11241,0.0052068233489990234
274,18889,0.008646011352539062
274,26311,0.010909557342529297
274,35539,0.027024269104003906
275,1861,0.002734661102294922
275,11265,0.007823467254638672
275,18759,0.00791168212890625
275,26148,0.01422739028930664
275,35759,0.015438318252563477
276,1838,0.002080202102661133
276,11473,0.0051534175872802734
276,18853,0.00779414176940918
276,26431,0.01094508171081543
276,36061,0.015038490295410156
277,1918,0.0021314620971679688
277,11485,0.005056858062744141
277,19087,0.008970260620117188
277,26699,0.010921001434326172
277,36271,0.015148401260375977
278,1927,0.0021276473999023438
278,11674,0.00513458251953125
278,19150,0.007987260818481445
278,26981,0.011141777038574219
278,36600,0.015074729919433594
279,2005,0.0023221969604492188
279,11493,0.005016326904296875
279,19499,0.008287429809570312
279,27302,0.012125730514526367
279,36824,0.016541481018066406
280,1997,0.0024175643920898438
280,11721,0.005694389343261719
280,19581,0.008849620819091797
280,27272,0.012304306030273438
280,37111,0.016713857650756836
281,1920,0.0023953914642333984
281,11764,0.005881309509277344
281,19575,0.008587360382080078
281,27668,0.012239694595336914
281,37364,0.016373872756958008
282,1990,0.0022411346435546875
282,11993,0.005438566207885742
282,19976,0.009218931198120117
282,27815,0.012369871139526367
282,37681,0.01574873924255371
283,1984,0.0021648406982421875
283,11925,0.005572795867919922
283,19877,0.008409976959228516
283,28114,0.012561559677124023
283,37982,0.017143964767456055
284,2025,0.0024306774139404297
284,11950,0.00596308708190918
284,20010,0.009116888046264648
284,28151,0.01269388198852539
284,38191,0.017783641815185547
285,1982,0.0025866031646728516
285,12195,0.005841255187988281
285,20283,0.00871133804321289
285,28300,0.012148857116699219
285,38522,0.016200542449951172
286,2016,0.0022919178009033203
286,12003,0.0053730010986328125
286,20240,0.008537530899047852
286,28566,0.023263931274414062
286,38766,0.0341954231262207
287,2123,0.005483150482177734
287,12266,0.005667686462402344
287,20564,0.01055908203125
287,28682,0.013369560241699219
287,39022,0.017165660858154297
288,2073,0.0023005008697509766
288,12256,0.0052661895751953125
288,20772,0.00899505615234375
288,28866,0.012406349182128906
288,39246,0.016503572463989258
289,2061,0.0023801326751708984
289,12525,0.005517482757568359
289,20817,0.008743047714233398
289,29182,0.012466669082641602
289,39527,0.01705312728881836
290,2170,0.002324819564819336
290,12401,0.005562782287597656
290,20913,0.008591413497924805
290,29222,0.012203454971313477
290,39774,0.017092466354370117
291,2193,0.002408266067504883
291,12496,0.00558018684387207
291,21167,0.00883936882019043
291,29443,0.012280941009521484
291,40096,0.02609395980834961
292,2166,0.004132747650146484
292,12844,0.0056684017181396484
292,21230,0.008898496627807617
292,29760,0.012416601181030273
292,40315,0.01799321174621582
293,2141,0.00380706787109375
293,12896,0.005628824234008789
293,21354,0.009007692337036133
293,30005,0.012951850891113281
293,40639,0.01820993423461914
294,2207,0.003731250762939453
294,12994,0.006011009216308594
294,21544,0.00972604751586914
294,30197,0.013708114624023438
294,40958,0.01834726333618164
295,2191,0.002607583999633789
295,12994,0.007592916488647461
295,21614,0.010182619094848633
295,30346,0.014096736907958984
295,41222,0.01931452751159668
296,2191,0.002657175064086914
296,13011,0.006414651870727539
296,21874,0.011266231536865234
296,30458,0.014016389846801758
296,41477,0.01767134666442871
297,2224,0.0035686492919921875
297,13119,0.005820512771606445
297,21888,0.009181499481201172
297,30821,0.013038158416748047
297,41807,0.01752305030822754
298,2225,0.0024657249450683594
298,13243,0.00601506233215332
298,22213,0.009326457977294922
298,30830,0.013211727142333984
298,42054,0.017887115478515625
299,2180,0.0023758411407470703
299,13397,0.00681757926940918
299,22205,0.018868684768676758
299,31013,0.02207803726196289
299,42305,0.03630352020263672
300,2218,0.0025625228881835938
300,13372,0.006932735443115234
300,22322,0.012872934341430664
300,31389,0.02161240577697754
300,42605,0.032338857650756836
301,2325,0.0025932788848876953
301,13554,0.008384227752685547
301,22449,0.017245769500732422
301,31558,0.015596628189086914
301,42874,0.02623724937438965
302,2287,0.002468109130859375
302,13590,0.011463403701782227
302,22508,0.017579317092895508
302,31863,0.017766237258911133
302,43185,0.03679227828979492
303,2277,0.006467103958129883
303,13643,0.014545440673828125
303,22620,0.016387939453125
303,32045,0.021615266799926758
303,43481,0.02069091796875
304,2272,0.0025658607482910156
304,13822,0.01311802864074707
304,23014,0.017162561416625977
304,32149,0.022000551223754883
304,43774,0.02728414535522461
305,2326,0.008439779281616211
305,13971,0.012473821640014648
305,23009,0.016814708709716797
305,32490,0.01659107208251953
305,44115,0.029504776000976562
306,2389,0.0027494430541992188
306,13985,0.006632328033447266
306,23495,0.012051582336425781
306,32761,0.02254009246826172
306,44386,0.025915145874023438
307,2352,0.0034341812133789062
307,14249,0.027186870574951172
307,23461,0.021727323532104492
307,32870,0.03193044662475586
307,44575,0.028513431549072266
308,2432,0.0032732486724853516
308,14146,0.014213323593139648
308,23536,0.012331247329711914
308,32831,0.017570972442626953
308,44928,0.02913832664489746
309,2404,0.0026710033416748047
309,14164,0.006543159484863281
309,23835,0.020937204360961914
309,33421,0.020494699478149414
309,45203,0.022620201110839844
310,2480,0.0026459693908691406
310,14473,0.008719921112060547
310,23990,0.01726078987121582
310,33661,0.01717662811279297
310,45497,0.025574922561645508
311,2449,0.0031104087829589844
311,14455,0.010627269744873047
311,24258,0.01269078254699707
311,33711,0.016935110092163086
311,45802,0.03207087516784668
312,2446,0.0031638145446777344
312,14653,0.00799250602722168
312,24339,0.012935876846313477
312,34012,0.016752004623413086
312,46100,0.06489849090576172
313,2459,0.0034394264221191406
313,14825,0.011713981628417969
313,24381,0.01628732681274414
313,34067,0.017081499099731445
313,46439,0.025263309478759766
314,2398,0.0026938915252685547
314,14997,0.008553266525268555
314,24705,0.011513948440551758
314,34256,0.02167487144470215
314,46704,0.024437904357910156
315,2501,0.006243467330932617
315,15072,0.00660252571105957
315,24524,0.012875080108642578
315,34625,0.01825428009033203
315,46978,0.03075551986694336
316,2559,0.002797842025756836
316,14911,0.007007598876953125
316,24995,0.017533302307128906
316,34722,0.01753854751586914
316,47280,0.027228832244873047
317,2552,0.0027701854705810547
317,14950,0.009467840194702148
317,25145,0.01700139045715332
317,34987,0.01862025260925293
317,47647,0.028404951095581055
318,2559,0.003640413284301758
318,15091,0.009737968444824219
318,25223,0.01802849769592285
318,35312,0.0223538875579834
318,47858,0.024834871292114258
319,2555,0.002752542495727539
319,15114,0.007328987121582031
319,25278,0.01311635971069336
319,35373,0.018160581588745117
319,48126,0.025029897689819336
320,2601,0.0034596920013427734
320,15235,0.007135868072509766
320,25447,0.011657238006591797
320,35630,0.018926382064819336
320,48521,0.023627758026123047
321,2603,0.004903316497802734
321,15470,0.011272430419921875
321,25677,0.01720714569091797
321,36067,0.018035888671875
321,48798,0.02632927894592285
322,2621,0.002865314483642578
322,15639,0.0070378780364990234
322,25746,0.014197111129760742
322,36202,0.01975393295288086
322,49162,0.03186178207397461
323,2635,0.002862215042114258
323,15651,0.007014274597167969
323,25872,0.014348030090332031
323,36320,0.020169973373413086
323,49419,0.03052663803100586
324,2652,0.0028731822967529297
324,15659,0.009610891342163086
324,26149,0.011653423309326172
324,36705,0.01852107048034668
324,49688,0.025258779525756836
325,2540,0.002869844436645508
325,15703,0.013624906539916992
325,26283,0.013900518417358398
325,36830,0.018317461013793945
325,50030,0.03552722930908203
326,2772,0.005189180374145508
326,16046,0.008452653884887695
326,26432,0.015468835830688477
326,37155,0.02932119369506836
326,50399,0.026076793670654297
327,2641,0.002988100051879883
327,15853,0.007561683654785156
327,26519,0.012094736099243164
327,37323,0.025488615036010742
327,50606,0.03961443901062012
328,2660,0.0028581619262695312
328,15899,0.013497352600097656
328,26625,0.013557195663452148
328,37591,0.01934957504272461
328,50961,0.030313730239868164
329,2715,0.0049970149993896484
329,16241,0.007925271987915039
329,27008,0.013353586196899414
329,37720,0.02604508399963379
329,51321,0.025022506713867188
330,2765,0.003885507583618164
330,16218,0.0094451904296875
330,27310,0.015055179595947266
330,37886,0.02350783348083496
330,51556,0.02946758270263672
331,2651,0.006201028823852539
331,16326,0.015031814575195312
331,27244,0.01914834976196289
331,38417,0.024946928024291992
331,52015,0.026958703994750977
332,2704,0.003984928131103516
332,16339,0.009027481079101562
332,27435,0.014540910720825195
332,38394,0.021037578582763672
332,52151,0.03172135353088379
333,2662,0.002995729446411133
333,16578,0.011559486389160156
333,27508,0.014294862747192383
333,38625,0.020200490951538086
333,52518,0.026613235473632812
334,2831,0.0049283504486083984
334,16621,0.012392759323120117
334,27919,0.017082929611206055
334,38921,0.020277023315429688
334,52793,0.029158353805541992
335,2778,0.0037224292755126953
335,16640,0.015813589096069336
335,27838,0.013480663299560547
335,39246,0.0208432674407959
335,53157,0.028487682342529297
336,2828,0.0030519962310791016
336,16835,0.010757923126220703
336,28027,0.013091564178466797
336,39300,0.019427061080932617
336,53437,0.026210308074951172
337,2891,0.0044629573822021484
337,17215,0.009500503540039062
337,28521,0.012875795364379883
337,39721,0.0243377685546875
337,53875,0.028574705123901367
338,2862,0.003160715103149414
338,17162,0.007904052734375
338,28464,0.01570749282836914
338,39810,0.020163774490356445
338,54080,0.03580141067504883
339,2781,0.003303050994873047
339,17260,0.008031368255615234
339,28600,0.01436614990234375
339,40171,0.021358251571655273
339,54522,0.03380608558654785
340,2962,0.0042684078216552734
340,17186,0.010484457015991211
340,28802,0.017182588577270508
340,40373,0.026787281036376953
340,54730,0.028522968292236328
341,2867,0.003306865692138672
341,17319,0.011621475219726562
341,29053,0.018912076950073242
341,40720,0.030727386474609375
341,55123,0.02869105339050293
342,2996,0.0031464099884033203
342,17368,0.007765293121337891
342,29101,0.01865077018737793
342,40996,0.021665096282958984
342,55358,0.02928638458251953
343,2836,0.0032243728637695312
343,17723,0.010329484939575195
343,29284,0.014880180358886719
343,41002,0.02108478546142578
343,55704,0.03405332565307617
344,2932,0.0033147335052490234
344,17640,0.014175653457641602
344,29497,0.014816999435424805
344,41282,0.022493839263916016
344,56009,0.028632164001464844
345,2871,0.004024505615234375
345,17864,0.010317564010620117
345,29551,0.020554065704345703
345,41576,0.026967763900756836
345,56457,0.04944658279418945
346,3002,0.0033423900604248047
346,17890,0.008747339248657227
346,30006,0.019208192825317383
346,41762,0.02208256721496582
346,56789,0.029207944869995117
347,2977,0.004094600677490234
347,18154,0.00820779800415039
347,30022,0.01906752586364746
347,41965,0.020987272262573242
347,57079,0.02841043472290039
348,2996,0.0040361881256103516
348,18161,0.008345842361450195
348,30261,0.013859987258911133
348,42571,0.021467924118041992
348,57368,0.02852487564086914
349,3063,0.004305362701416016
349,18290,0.013007640838623047
349,30365,0.014131546020507812
349,42387,0.027593374252319336
349,57720,0.03343081474304199
350,3118,0.004698514938354492
350,18241,0.010169029235839844
350,30656,0.01685810089111328
350,42746,0.021796464920043945
350,57989,0.03030252456665039
351,3106,0.003464937210083008
351,18345,0.010374069213867188
351,30470,0.015924453735351562
351,42995,0.023191213607788086
351,58284,0.03198051452636719
352,3075,0.0068912506103515625
352,18399,0.016646385192871094
352,30956,0.015010595321655273
352,43099,0.022756099700927734
352,58719,0.032053470611572266
353,3059,0.00362396240234375
353,18742,0.00876164436340332
353,31026,0.014858484268188477
353,43499,0.02489638328552246
353,59069,0.030498266220092773
354,3203,0.004378795623779297
354,18802,0.01061105728149414
354,31314,0.019482851028442383
354,43701,0.023983001708984375
354,59369,0.029602527618408203
355,3157,0.003297090530395508
355,18712,0.01342153549194336
355,31399,0.01759505271911621
355,44241,0.02318572998046875
355,59729,0.03414034843444824
356,3152,0.003313779830932617
356,19174,0.012853145599365234
356,31607,0.016551494598388672
356,44129,0.024106502532958984
356,60007,0.02963542938232422
357,3178,0.00880742073059082
357,19141,0.010953664779663086
357,31701,0.01731395721435547
357,44414,0.027199983596801758
357,60402,0.07733297348022461
358,3272,0.01204371452331543
358,19132,0.017016172409057617
358,31918,0.01813364028930664
358,44611,0.026767492294311523
358,60716,0.03859543800354004
359,3246,0.004304647445678711
359,19176,0.011233091354370117
359,31893,0.015437841415405273
359,44917,0.02141594886779785
359,61161,0.08353662490844727
360,3310,0.007039070129394531
360,19308,0.011667966842651367
360,32211,0.01733994483947754
360,45341,0.0726165771484375
360,61398,0.046968936920166016
361,3298,0.004292726516723633
361,19608,0.010899543762207031
361,32677,0.029817581176757812
361,45581,0.028361082077026367
361,61671,0.03791379928588867
362,3209,0.0034050941467285156
362,19820,0.01558995246887207
362,32657,0.025101423263549805
362,45790,0.04141879081726074
362,62096,0.027143239974975586
363,3249,0.003409147262573242
363,19598,0.00879979133605957
363,32849,0.030429840087890625
363,46166,0.026416540145874023
363,62379,0.030206918716430664
364,3336,0.004143714904785156
364,19880,0.008821487426757812
364,32886,0.019945621490478516
364,46294,0.020402193069458008
364,62793,0.02864241600036621
365,3293,0.0033495426177978516
365,19825,0.008658409118652344
365,33086,0.014813423156738281
365,46613,0.020476341247558594
365,63172,0.027678966522216797
366,3312,0.0033783912658691406
366,20202,0.009833335876464844
366,33247,0.014647722244262695
366,46847,0.02048015594482422
366,63477,0.028026342391967773
367,3262,0.003378152847290039
367,20403,0.008827924728393555
367,33596,0.01482701301574707
367,46926,0.021056413650512695
367,63734,0.028363466262817383
368,3337,0.0033941268920898438
368,20147,0.008610963821411133
368,33818,0.014725446701049805
368,47412,0.020783424377441406
368,64188,0.02788996696472168
369,3436,0.0034639835357666016
369,20179,0.008699655532836914
369,34076,0.014984130859375
369,47420,0.03789544105529785
369,64528,0.028497695922851562
370,3475,0.0034766197204589844
370,20537,0.008936405181884766
370,33906,0.015202522277832031
370,47760,0.020688295364379883
370,64813,0.02829575538635254
371,3383,0.003500699996948242
371,20626,0.008902788162231445
371,34293,0.01504063606262207
371,48223,0.021130084991455078
371,65202,0.028615713119506836
372,3460,0.0035037994384765625
372,20683,0.008821487426757812
372,34274,0.01488637924194336
372,48397,0.04338431358337402
372,65526,0.03787112236022949
373,3462,0.0036842823028564453
373,20802,0.013303756713867188
373,34847,0.03332853317260742
373,48555,0.022108793258666992
373,65848,0.029062509536743164
374,3563,0.0035822391510009766
374,20883,0.011709213256835938
374,34642,0.015038490295410156
374,48842,0.021399736404418945
374,66247,0.02868366241455078
375,3624,0.0036170482635498047
375,20820,0.0091094970703125
375,34943,0.015253067016601562
375,49173,0.021488666534423828
375,66628,0.029551982879638672
376,3573,0.0036072731018066406
376,20927,0.009158611297607422
376,35567,0.0156710147857666
376,49267,0.022797584533691406
376,66918,0.039322614669799805
377,3515,0.0037941932678222656
377,21408,0.01029658317565918
377,35339,0.030890703201293945
377,49782,0.022106170654296875
377,67360,0.0662238597869873
378,3619,0.00895380973815918
378,21325,0.009204626083374023
378,35517,0.02227020263671875
378,49793,0.022024154663085938
378,67603,0.02956986427307129
379,3538,0.003613710403442383
379,21414,0.009404182434082031
379,35786,0.015769243240356445
379,50130,0.02808070182800293
379,68078,0.02971673011779785
380,3651,0.003699064254760742
380,21787,0.00942087173461914
380,36123,0.015747785568237305
380,50525,0.028856754302978516
380,68416,0.029674530029296875
381,3676,0.003705739974975586
381,21692,0.009236574172973633
381,36092,0.016009092330932617
381,51100,0.022982120513916016
381,68793,0.03453254699707031
382,3789,0.00379180908203125
382,21790,0.01896977424621582
382,36596,0.017162084579467773
382,50992,0.022637128829956055
382,69113,0.031475067138671875
383,3618,0.0038399696350097656
383,21942,0.009434700012207031
383,36466,0.016010522842407227
383,51290,0.028662919998168945
383,69500,0.030537128448486328
384,3593,0.0036742687225341797
384,22033,0.009345531463623047
384,36843,0.01630258560180664
384,51364,0.022719383239746094
384,69877,0.030761241912841797
385,3681,0.003771066665649414
385,22198,0.00945425033569336
385,37054,0.016246557235717773
385,51936,0.022983312606811523
385,70368,0.03087615966796875
386,3644,0.004226207733154297
386,22284,0.011754035949707031
386,37226,0.02610015869140625
386,52062,0.026040077209472656
386,70575,0.033768653869628906
387,3710,0.003754854202270508
387,22293,0.01306605339050293
387,37722,0.016940832138061523
387,52113,0.026709556579589844
387,70868,0.03455543518066406
388,3856,0.003912925720214844
388,22467,0.009888410568237305
388,37754,0.019326448440551758
388,52561,0.024578094482421875
388,71300,0.032562255859375
389,3755,0.003831624984741211
389,22749,0.010007858276367188
389,37674,0.016687870025634766
389,52723,0.023154258728027344
389,71715,0.03239107131958008
390,3807,0.0038194656372070312
390,22772,0.009855031967163086
390,37774,0.016736507415771484
390,53063,0.02359795570373535
390,72018,0.035405874252319336
391,3802,0.0041921138763427734
391,23034,0.010946273803710938
391,38169,0.01964426040649414
391,53478,0.023491382598876953
391,72351,0.032381534576416016
392,3741,0.00376129150390625
392,23178,0.0108642578125
392,38180,0.01682758331298828
392,53804,0.02387070655822754
392,72756,0.03209328651428223
393,3853,0.003900766372680664
393,23074,0.009794950485229492
393,38583,0.017055988311767578
393,54144,0.023972749710083008
393,73209,0.03532075881958008
394,3874,0.004225969314575195
394,23482,0.010651350021362305
394,38650,0.017439842224121094
394,54397,0.024608135223388672
394,73603,0.032756805419921875
395,3740,0.003827333450317383
395,23209,0.01025247573852539
395,38519,0.01713871955871582
395,54525,0.02396845817565918
395,73862,0.0328373908996582
396,3770,0.003871917724609375
396,23455,0.010779142379760742
396,39092,0.017237424850463867
396,54677,0.025855302810668945
396,74242,0.03316760063171387
397,3937,0.004148960113525391
397,23306,0.009896039962768555
397,39406,0.0174715518951416
397,55204,0.024268627166748047
397,74568,0.0329592227935791
398,3921,0.0038919448852539062
398,23729,0.010833978652954102
398,39256,0.017487049102783203
398,55284,0.025021076202392578
398,75046,0.03352546691894531
399,3890,0.003979682922363281
399,23865,0.010602474212646484
399,39652,0.03410792350769043
399,55531,0.04417586326599121
399,75397,0.07119107246398926
